-6.6318982   0   1.1544322   0   -5.477466   0   0.76962147   0   
-6.6388002   0.0069020069   1.1623371   0.0079049224   -5.4764631   0.0010029155   0.77489142   0.0052699483   
-6.6493468   0.011274285   1.1731644   0.011749819   -5.4761824   0.00064346592   0.78210958   0.0078332126   
-6.6642549   0.01690583   1.1880697   0.017064504   -5.4761852   0.00045500787   0.79204645   0.011376336   
-6.6592179   0.014030526   1.1830759   0.014129977   -5.476142   0.00035508763   0.78871726   0.0094199849   
-6.6561995   0.011846841   1.1803004   0.011866234   -5.4758991   0.00037821565   0.78686693   0.0079108229   
-6.6577645   0.010133982   1.1815143   0.010102002   -5.4762502   0.00047480077   0.78767622   0.0067346678   
-6.661573   0.0095669909   1.1853092   0.0095361678   -5.4762638   0.00041141456   0.7902061   0.0063574452   
-6.6677988   0.010485653   1.1913058   0.010329044   -5.4764931   0.00042918143   0.79420384   0.0068860291   
-6.673001   0.010724825   1.1962938   0.010499116   -5.4767072   0.00043958365   0.79752917   0.0069994106   
-6.6667736   0.011527738   1.1902765   0.011242647   -5.4764972   0.00044969755   0.79351764   0.0074950982   
-6.6561575   0.014948012   1.1798618   0.014621773   -5.4762957   0.00045729041   0.78657453   0.0097478483   
-6.6584013   0.013932048   1.1821618   0.013645317   -5.4762395   0.00042438566   0.78810789   0.0090968783   
-6.6667935   0.015388382   1.1905573   0.015168386   -5.4762362   0.00039291858   0.79370489   0.010112257   
-6.6695046   0.014580067   1.1932853   0.01438209   -5.4762192   0.00036618003   0.79552355   0.0095880603   
-6.6676126   0.013769007   1.1914338   0.013580029   -5.4761788   0.00034490458   0.79428919   0.0090533527   
-6.666259   0.013004367   1.1900638   0.012829567   -5.4761952   0.00032439422   0.79337589   0.0085530448   
-6.6628138   0.012735486   1.1865295   0.012601614   -5.4762843   0.00031856405   0.79101967   0.0084010758   
-6.6613169   0.012139208   1.1849124   0.012029125   -5.4764045   0.00032442743   0.7899416   0.0080194167   
-6.6608638   0.011525174   1.1844414   0.011421544   -5.4764224   0.00030829658   0.78962763   0.0076143625   
-6.6608595   0.010962628   1.1844906   0.010864166   -5.4763689   0.00029808312   0.7896604   0.0072427776   
-6.6672939   0.012274163   1.1909662   0.012216129   -5.4763277   0.000287188   0.79397749   0.0081440859   
-6.6710613   0.012318584   1.1946225   0.012232153   -5.4764387   0.00029602893   0.79641503   0.0081547687   
-6.6675956   0.012292778   1.191029   0.012250331   -5.4765667   0.00031097499   0.79401931   0.0081668874   
-6.664843   0.012107876   1.188283   0.012066704   -5.47656   0.00029835208   0.79218866   0.0080444694   
-6.6671168   0.01185302   1.1904983   0.011803079   -5.4766185   0.00029255772   0.79366555   0.0078687193   
-6.6707997   0.011985444   1.1940925   0.011912644   -5.4767072   0.00029517417   0.79606164   0.0079417625   
-6.671561   0.011574524   1.1948123   0.011501855   -5.4767487   0.00028744457   0.7965415   0.0076679033   
-6.6681132   0.011688357   1.1914287   0.011602468   -5.4766844   0.00028470801   0.79428582   0.0077349786   
-6.6654202   0.011608695   1.1887126   0.011533445   -5.4767077   0.00027603271   0.79247504   0.0076889631   
-6.6644724   0.011267915   1.1877489   0.011196746   -5.4767235   0.00026745027   0.79183257   0.0074644971   
-6.6656129   0.010969568   1.1887933   0.010891401   -5.4768196   0.00027620628   0.7925289   0.0072609341   
-6.6675058   0.010799149   1.1905869   0.010707488   -5.4769189   0.00028552963   0.79372462   0.0071383255   
-6.6683117   0.010507662   1.1913885   0.01041867   -5.4769232   0.00027703789   0.794259   0.0069457801   
-6.6694444   0.010265708   1.1925739   0.01018583   -5.4768705   0.00027412684   0.79504928   0.0067905536   
-6.6699499   0.0099892742   1.1930599   0.0099107704   -5.47689   0.00026711907   0.79537327   0.0066071803   
-6.6687581   0.0097883761   1.1919132   0.0097071598   -5.4768449   0.00026369222   0.7946088   0.0064714399   
-6.667354   0.009630213   1.1905194   0.0095505028   -5.4768345   0.00025686662   0.79367962   0.0063670019   
-6.6661569   0.0094561058   1.1892745   0.0093853313   -5.4768824   0.00025473974   0.79284966   0.0062568875   
-6.6673021   0.0092875382   1.1903588   0.0092117304   -5.4769433   0.00025562728   0.79357254   0.0061411536   
-6.6693585   0.0092886809   1.1923999   0.0092131711   -5.4769587   0.00024978957   0.79493324   0.006142114   
-6.6680503   0.0091587388   1.1910859   0.0090866412   -5.4769644   0.00024383764   0.79405725   0.0060577608   
-6.6667641   0.009035222   1.1898212   0.0089624846   -5.4769429   0.00023906817   0.79321413   0.0059749898   
-6.6671282   0.0088349935   1.1902495   0.0087668904   -5.4768787   0.00024223045   0.79349965   0.0058445936   
-6.6673595   0.0086395245   1.1905182   0.0085740701   -5.4768412   0.00023973981   0.79367883   0.0057160468   
-6.6671808   0.0084515112   1.1903392   0.0083875177   -5.4768416   0.00023447044   0.79355946   0.0055916784   
-6.6678878   0.0082999064   1.1910701   0.0082396029   -5.4768177   0.00023066727   0.79404673   0.0054930686   
-6.6692543   0.008239255   1.1924683   0.0081864008   -5.476786   0.00022802622   0.79497885   0.0054576006   
-6.6687592   0.008084526   1.1920106   0.0080306459   -5.4767487   0.00022642104   0.7946737   0.0053537639   
-6.6671299   0.0080870182   1.1903981   0.0080319042   -5.4767317   0.00022249007   0.79359877   0.0053546028   
-6.665706   0.0080537384   1.1889956   0.0079967912   -5.4767103   0.00021913159   0.79266376   0.0053311941   
-6.6641163   0.0080557374   1.187454   0.0079916081   -5.4766624   0.00022016701   0.79163599   0.0053277387   
-6.662829   0.0080064542   1.1861457   0.0079477958   -5.4766833   0.00021698823   0.79076378   0.0052985305   
-6.6622964   0.0078748167   1.1855051   0.0078254863   -5.4767913   0.00023875156   0.79033674   0.0052169909   
-6.6625977   0.0077361796   1.1857632   0.0076862223   -5.4768345   0.00023830534   0.79050881   0.0051241482   
-6.6637169   0.0076787817   1.1868731   0.007628886   -5.4768438   0.00023419792   0.79124873   0.005085924   
-6.66559   0.0077719677   1.18871   0.0077156962   -5.4768801   0.00023289254   0.79247332   0.0051437975   
-6.6660445   0.0076503052   1.1891584   0.0075947468   -5.4768862   0.00022892384   0.79277224   0.0050631645   
-6.6656902   0.0075278673   1.1888039   0.0074733222   -5.4768862   0.00022501033   0.79253595   0.0049822148   
-6.665182   0.0074187656   1.1883159   0.0073638987   -5.476866   0.00022214771   0.79221061   0.0049092658   
-6.6640833   0.0073783939   1.1872179   0.0073249404   -5.4768654   0.0002184766   0.79147859   0.0048832936   
-6.6633169   0.0072987629   1.1864658   0.007244967   -5.476851   0.00021540287   0.79097722   0.004829978   
-6.6641766   0.0072332489   1.1873038   0.0071781238   -5.4768727   0.00021306613   0.79153589   0.0047854158   
-6.6650018   0.0071669998   1.1880721   0.0071067195   -5.4769297   0.00021731823   0.79204804   0.004737813   
-6.6655026   0.0070736286   1.1885443   0.0070124474   -5.4769584   0.00021585516   0.79236283   0.0046749649   
-6.666782   0.0070821405   1.1897621   0.0070119537   -5.4770199   0.00022127228   0.79317475   0.0046746358   
-6.6677349   0.007040418   1.1906244   0.0069601232   -5.4771105   0.00023603179   0.79374959   0.0046400821   
-6.6676912   0.006936247   1.1905268   0.0068576987   -5.4771644   0.00023870844   0.79368455   0.0045717992   
-6.6667583   0.0068983525   1.1895607   0.0068262882   -5.4771976   0.00023755353   0.79304049   0.0045508588   
-6.6655939   0.0068980807   1.1884488   0.0068193282   -5.4771451   0.00023994651   0.7922992   0.0045462188   
-6.6660028   0.0068125128   1.1888839   0.0067366598   -5.4771189   0.00023798822   0.79258926   0.0044911065   
-6.6663462   0.0067259975   1.1892272   0.0066513034   -5.4771189   0.00023465955   0.79281815   0.0044342023   
-6.6661358   0.0066365538   1.1890087   0.0065631952   -5.4771271   0.00023156787   0.79267248   0.0043754635   
-6.6667018   0.0065706759   1.1895558   0.006496967   -5.477146   0.00022919928   0.79303717   0.0043313113   
-6.6684891   0.0067243652   1.1913162   0.0066471024   -5.477173   0.0002277226   0.79421077   0.0044314016   
-6.669569   0.006722597   1.1923837   0.0066453647   -5.4771853   0.00022504512   0.79492246   0.0044302431   
-6.6686748   0.0066947117   1.1914602   0.0066231863   -5.4772145   0.00022401279   0.79430683   0.0044154576   
-6.6669013   0.0068421568   1.1896751   0.0067770653   -5.4772262   0.00022143166   0.79311672   0.0045180435   
-6.6660238   0.0068117527   1.1887921   0.0067487413   -5.4772317   0.00021867858   0.79252807   0.0044991609   
-6.6660966   0.0067264611   1.1888775   0.0066643954   -5.4772191   0.000216294   0.79258501   0.0044429303   
-6.6669411   0.0066963675   1.1897228   0.0066356662   -5.4772183   0.00021360845   0.79314855   0.0044237775   
-6.6674719   0.0066354653   1.1902442   0.0065749512   -5.4772277   0.00021119638   0.79349615   0.0043833008   
-6.6667019   0.0066001038   1.1894793   0.0065401436   -5.4772227   0.00020869722   0.79298617   0.0043600958   
-6.6660646   0.0065521295   1.1888473   0.0064926408   -5.4772172   0.0002062691   0.79256489   0.0043284272   
-6.6663004   0.0064788795   1.1890692   0.0064196365   -5.4772312   0.00020430553   0.79271279   0.0042797577   
-6.6664947   0.006406047   1.189242   0.0063469025   -5.4772527   0.00020305707   0.79282798   0.0042312683   
-6.6669358   0.0063473354   1.1896674   0.0062879323   -5.4772684   0.00020132641   0.79311158   0.0041919549   
-6.6677633   0.006329118   1.1904859   0.0062697289   -5.4772774   0.00019922623   0.79365727   0.0041798193   
-6.6678874   0.0062588313   1.1906028   0.0061999833   -5.4772847   0.00019710975   0.79373517   0.0041333222   
-6.6680333   0.0061906162   1.1907271   0.006131969   -5.4773061   0.00019608646   0.79381808   0.0040879793   
-6.6688221   0.0061728163   1.1914934   0.0061124341   -5.4773287   0.0001952221   0.79432894   0.0040749561   
-6.6694699   0.0061396249   1.1921226   0.0060782817   -5.4773473   0.00019398591   0.7947484   0.0040521878   
-6.6694119   0.0060735253   1.1920635   0.0060128591   -5.4773484   0.00019189207   0.79470899   0.0040085728   
-6.6692865   0.0060098749   1.1919598   0.0059494527   -5.4773267   0.00019107765   0.79463985   0.0039663018   
-6.6682344   0.0060386422   1.1909308   0.0059757581   -5.4773036   0.00019046415   0.79395384   0.0039838387   
-6.6662954   0.0062821172   1.189012   0.0062167142   -5.4772835   0.00018954249   0.79267464   0.0041444761   
-6.6657316   0.0062425265   1.1884519   0.0061777324   -5.4772798   0.00018761467   0.79230124   0.0041184882   
-6.6664782   0.0062234455   1.189183   0.0061579235   -5.4772953   0.00018633683   0.79278864   0.0041052823   
-6.6672704   0.0062109807   1.1899537   0.0061439394   -5.4773167   0.00018568097   0.79330247   0.0040959596   
-6.6676732   0.0061617411   1.1903346   0.0060941022   -5.4773387   0.00018512738   0.79355637   0.0040627348   
