-4.4939022   0   2.8966941   0   -1.5972081   0   1.9311294   0   
-4.4374892   0.05641299   2.8401807   0.056513406   -1.5973085   0.00010041549   1.8934538   0.037675604   
-4.4167256   0.038625626   2.819275   0.038750935   -1.5974505   0.00015335847   1.8795167   0.025833957   
-4.4217867   0.027777414   2.8245084   0.027896342   -1.5972783   0.00020353876   1.8830056   0.018597562   
-4.378791   0.048078902   2.7816985   0.047954261   -1.5970925   0.00024367437   1.8544657   0.031969507   
-4.3342434   0.059376271   2.7374154   0.059110657   -1.596828   0.00033094315   1.8249436   0.039407104   
-4.3330493   0.050196313   2.7365556   0.049965021   -1.5964937   0.00043586127   1.8243704   0.033310014   
-4.3401409   0.044045923   2.7437629   0.043867101   -1.5963781   0.00039479467   1.8291752   0.029244734   
-4.3414553   0.038867083   2.7453048   0.038717862   -1.5961505   0.0004159463   1.8302032   0.025811908   
-4.3516612   0.036230934   2.7556769   0.036150225   -1.5959843   0.00040746991   1.8371179   0.02410015   
-4.361075   0.034097382   2.7653126   0.034089284   -1.5957624   0.00043022264   1.8435418   0.022726189   
-4.3684208   0.031981547   2.7728115   0.03200987   -1.5956093   0.00042152133   1.848541   0.021339913   
-4.3716611   0.029596655   2.7761612   0.029634722   -1.5954999   0.00040288884   1.8507741   0.019756481   
-4.3734249   0.027457889   2.7779519   0.027494796   -1.595473   0.00037396966   1.8519679   0.018329864   
-4.3710955   0.025667814   2.7756363   0.025700789   -1.5954592   0.00034841827   1.8504242   0.017133859   
-4.3699624   0.024036766   2.7744159   0.024071843   -1.5955465   0.00033739395   1.8496106   0.016047895   
-4.3573802   0.025847747   2.7617944   0.025895658   -1.5955858   0.0003193518   1.8411963   0.017263772   
-4.3518523   0.02498858   2.7562911   0.025027234   -1.5955613   0.00030208329   1.8375274   0.016684822   
-4.3501571   0.023697545   2.7546523   0.023730043   -1.5955047   0.00029128207   1.8364349   0.015820029   
-4.346372   0.022797877   2.751042   0.022799956   -1.59533   0.00032695259   1.834028   0.015199971   
-4.3357947   0.024127235   2.7405544   0.024089808   -1.5952402   0.00032368365   1.8270363   0.016059872   
-4.3352582   0.023010669   2.7401562   0.022972183   -1.5951021   0.00033813601   1.8267708   0.015314788   
-4.3391071   0.022321791   2.7440816   0.022298908   -1.5950256   0.00033203532   1.8293877   0.014865939   
-4.3396509   0.021378405   2.7446645   0.021357537   -1.5949864   0.0003203029   1.8297764   0.014238358   
-4.3475137   0.021961251   2.7525366   0.02194591   -1.5949771   0.00030736556   1.8350244   0.014630607   
-4.3548167   0.022327783   2.7599353   0.022345372   -1.5948813   0.00031043888   1.8399569   0.014896915   
-4.3564613   0.021547774   2.7617174   0.021575565   -1.5947439   0.00032880868   1.8411449   0.01438371   
-4.3542806   0.020878155   2.7596412   0.020894138   -1.5946393   0.00033366194   1.8397608   0.013929425   
-4.3536467   0.020155329   2.759074   0.020168758   -1.5945727   0.00032877758   1.8393827   0.013445839   
-4.3566161   0.019697013   2.7620796   0.019715312   -1.5945366   0.00031967557   1.8413864   0.013143541   
-4.3566963   0.019051202   2.7621943   0.019069077   -1.594502   0.00031111707   1.8414629   0.012712718   
-4.3533507   0.018747187   2.7589344   0.018749128   -1.5944163   0.0003131889   1.8392896   0.012499419   
-4.3522675   0.018202472   2.7579858   0.018196836   -1.5942817   0.00033206223   1.8386572   0.012131224   
-4.3568774   0.018250782   2.762697   0.018271354   -1.5941804   0.00033770582   1.841798   0.012180903   
-4.3638223   0.019033914   2.769739   0.01908811   -1.5940833   0.00034197964   1.8464927   0.012725406   
-4.3647079   0.018518825   2.7707447   0.018577547   -1.5939632   0.00035337071   1.8471631   0.012385031   
-4.3616348   0.018271657   2.7677868   0.01830898   -1.5938479   0.00036251004   1.8451912   0.012205987   
-4.3646307   0.018034906   2.7708602   0.018083731   -1.5937705   0.00036124118   1.8472401   0.012055821   
-4.3656199   0.017594215   2.771867   0.017642693   -1.5937529   0.0003522979   1.8479113   0.011761796   
-4.3674431   0.017245371   2.7736864   0.01729195   -1.5937567   0.00034339926   1.8491242   0.011527967   
-4.3694143   0.016934606   2.7756553   0.016979462   -1.593759   0.00033492675   1.8504368   0.011319641   
-4.3669072   0.016715563   2.7731757   0.016754756   -1.5937315   0.0003280076   1.8487838   0.011169837   
-4.3604975   0.017535619   2.7668245   0.01755   -1.5936731   0.00032558335   1.8445497   0.0117   
-4.360189   0.017135227   2.7665734   0.017148336   -1.5936155   0.00032325631   1.8443823   0.011432224   
-4.3601247   0.016750239   2.7665603   0.016762936   -1.5935644   0.00032011152   1.8443736   0.011175291   
-4.3584183   0.016470692   2.7648956   0.016478783   -1.5935227   0.0003158341   1.8432637   0.010985855   
-4.3563813   0.016244664   2.7629395   0.016242568   -1.5934417   0.00031947325   1.8419597   0.010828379   
-4.3565691   0.015903742   2.7631783   0.015902374   -1.5933908   0.00031686021   1.8421189   0.010601582   
-4.358557   0.015702135   2.7651454   0.015698182   -1.5934117   0.00031102464   1.8434302   0.010465454   
-4.3632184   0.016075543   2.7697649   0.016059765   -1.5934535   0.0003075931   1.84651   0.01070651   
-4.3679305   0.016446678   2.7744205   0.016415726   -1.59351   0.0003067637   1.8496137   0.010943817   
-4.3709367   0.016405078   2.7773477   0.016360926   -1.593589   0.0003110045   1.8515651   0.010907284   
-4.3726455   0.016183046   2.7789348   0.016127544   -1.5937107   0.00032846828   1.8526232   0.010751696   
-4.3740804   0.015945222   2.7802584   0.015881324   -1.593822   0.00034097461   1.8535056   0.010587549   
-4.3730514   0.01568641   2.779138   0.015630111   -1.5939134   0.00034699228   1.8527586   0.010420074   
-4.3730325   0.015403761   2.7790314   0.015348834   -1.5940011   0.00035182879   1.8526876   0.010232556   
-4.3708328   0.015290164   2.7767545   0.015248108   -1.5940783   0.0003541157   1.8511697   0.010165405   
-4.3667488   0.015569411   2.7725854   0.015552132   -1.5941634   0.00035821116   1.8483903   0.010368088   
-4.367611   0.015327518   2.7733693   0.015306348   -1.5942417   0.00036070423   1.8489129   0.010204232   
-4.3689834   0.015132256   2.7746996   0.015107763   -1.5942838   0.00035713111   1.8497997   0.010071842   
-4.3688399   0.014882811   2.7745074   0.014859274   -1.5943325   0.00035458497   1.8496716   0.0099061829   
-4.3682738   0.014651736   2.7739143   0.014629671   -1.5943596   0.00034986786   1.8492762   0.009753114   
-4.3711606   0.014703462   2.7767936   0.014680718   -1.594367   0.00034434933   1.8511958   0.0097871456   
-4.3723811   0.014523267   2.7779914   0.014499073   -1.5943896   0.00033968185   1.8519943   0.0096660485   
-4.3709378   0.014370749   2.7765337   0.014348507   -1.594404   0.00033472553   1.8510225   0.0095656716   
-4.3695028   0.014223901   2.7750632   0.014205747   -1.5944396   0.00033152684   1.8500421   0.0094704979   
-4.371815   0.014199517   2.7773372   0.014175698   -1.5944778   0.00032876799   1.8515582   0.009450465   
-4.3733018   0.014067924   2.7787753   0.014039517   -1.5945265   0.00032753738   1.8525168   0.0093596783   
-4.3718828   0.013934977   2.7773319   0.013909635   -1.5945508   0.00032367197   1.8515546   0.0092730901   
-4.3728033   0.013765274   2.7782577   0.013740704   -1.5945456   0.00031905737   1.8521718   0.0091604692   
-4.3752956   0.013797001   2.780765   0.013775897   -1.5945306   0.00031488807   1.8538433   0.0091839315   
-4.3764238   0.013650725   2.7819093   0.013631332   -1.5945145   0.00031090215   1.8546062   0.0090875548   
-4.3759377   0.013471203   2.7814391   0.013451526   -1.5944986   0.00030702386   1.8542927   0.0089676839   
-4.3789386   0.013622546   2.7844318   0.01360182   -1.5945068   0.00030295605   1.8562879   0.0090678797   
-4.3818287   0.013746931   2.7873129   0.013725042   -1.5945158   0.00029902573   1.8582086   0.0091500279   
-4.3817816   0.013564926   2.7872698   0.013543314   -1.5945119   0.00029509101   1.8581798   0.009028876   
-4.3811677   0.013401667   2.7866599   0.013380176   -1.5945079   0.00029126121   1.8577733   0.0089201174   
-4.3812286   0.013228875   2.786725   0.013207682   -1.5945035   0.00028753572   1.8578167   0.0088051214   
-4.3808852   0.01306486   2.7863857   0.013043839   -1.5944995   0.00028390128   1.8575905   0.0086958923   
-4.3809038   0.012900529   2.786414   0.012879789   -1.5944899   0.00028049528   1.8576093   0.0085865263   
-4.381   0.012740631   2.786509   0.012720141   -1.594491   0.00027701313   1.8576727   0.0084800941   
-4.3810303   0.012584334   2.7865288   0.012564075   -1.5945014   0.00027381293   1.8576859   0.0083760503   
-4.3815063   0.012440904   2.7869758   0.012419824   -1.5945305   0.00027205252   1.8579839   0.008279883   
-4.3826382   0.012343904   2.7880471   0.012317755   -1.594591   0.00027552234   1.8586981   0.0082118365   
-4.3832169   0.012211542   2.7885784   0.012183569   -1.5946385   0.00027636786   1.8590523   0.008122379   
-4.3848496   0.01217864   2.7901781   0.012146853   -1.5946715   0.00027512255   1.8601187   0.0080979019   
-4.3854712   0.012053879   2.7907728   0.012021144   -1.5946984   0.0002732631   1.8605152   0.0080140961   
-4.3845503   0.011951649   2.7898348   0.011920714   -1.5947154   0.00027067782   1.8598899   0.0079471426   
-4.3836219   0.011853012   2.7889063   0.011822531   -1.5947155   0.00026761925   1.8592709   0.0078816876   
-4.383049   0.011734563   2.7883563   0.011703363   -1.5946927   0.00026561419   1.8589042   0.0078022418   
-4.3810224   0.011780529   2.7863554   0.011745717   -1.5946669   0.0002639407   1.8575703   0.007830478   
-4.3789923   0.011827306   2.7843617   0.011787185   -1.5946306   0.00026357372   1.8562411   0.0078581233   
-4.3787664   0.011701619   2.7841903   0.011661012   -1.5945761   0.00026635278   1.8561269   0.0077740078   
-4.3787306   0.01157652   2.7842164   0.011536321   -1.5945142   0.00027067188   1.8561442   0.0076908805   
-4.3799463   0.011518347   2.7854832   0.011484325   -1.5944631   0.00027264872   1.8569888   0.0076562169   
-4.3823664   0.011651849   2.7879489   0.011628484   -1.5944176   0.00027360438   1.8586326   0.0077523228   
-4.3846673   0.011758411   2.7903003   0.01174575   -1.594367   0.00027544644   1.8602002   0.0078305002   
-4.386942   0.01185803   2.7926233   0.011855101   -1.5943187   0.00027686577   1.8617489   0.0079034007   
-4.3872157   0.011740832   2.7929278   0.011738692   -1.5942879   0.00027578244   1.8619519   0.0078257948   
-4.3875089   0.011626527   2.7932459   0.011625066   -1.5942629   0.00027415269   1.862164   0.0077500443   
