-5.0962678   0   1.6544249   0   -3.4418428   0   1.1029499   0   
-5.0993284   0.0030606855   1.6578436   0.0034186543   -3.4414849   0.00035796877   1.105229   0.0022791029   
-5.1203766   0.021122255   1.6786999   0.020949565   -3.4416767   0.00028197909   1.1191333   0.013966377   
-5.1242041   0.015418296   1.6821506   0.015210167   -3.4420535   0.00042625296   1.1214337   0.010140112   
-5.1140105   0.015701695   1.6721191   0.015473857   -3.4418914   0.0003678131   1.1147461   0.010315905   
-5.1012087   0.018117582   1.6594095   0.017920992   -3.4417993   0.00031412218   1.106273   0.011947328   
-5.0892641   0.019419996   1.647731   0.019125608   -3.4415331   0.00037590482   1.0984873   0.012750405   
-5.0795694   0.019412332   1.6384351   0.018993519   -3.4411343   0.00051484003   1.0922901   0.012662346   
-5.0668235   0.021343774   1.6260379   0.020839363   -3.4407856   0.00057248701   1.0840252   0.013892909   
-5.0614906   0.019821333   1.621104   0.019281236   -3.4403865   0.00064918748   1.080736   0.012854157   
-5.0659135   0.018466556   1.6257552   0.018050092   -3.4401583   0.00063002514   1.0838368   0.012033395   
-5.0691517   0.017165788   1.6289899   0.01679191   -3.4401618   0.00057514245   1.0859933   0.011194607   
-5.0702966   0.015831678   1.6300582   0.015483206   -3.4402384   0.00053457274   1.0867054   0.010322137   
-5.067138   0.014993756   1.6269226   0.014673583   -3.4402153   0.00049545583   1.0846151   0.0097823886   
-5.0653009   0.014078798   1.625148   0.01377515   -3.4401529   0.00046545406   1.083432   0.0091834336   
-5.0723077   0.014917469   1.6323507   0.014761887   -3.439957   0.00047741538   1.0882338   0.0098412577   
-5.0796473   0.015818357   1.6399145   0.015795206   -3.4397327   0.00050140739   1.0932764   0.010530137   
-5.0789554   0.014929728   1.6393999   0.014900754   -3.4395556   0.00050483618   1.0929332   0.009933836   
-5.0769312   0.014266441   1.6375749   0.014212359   -3.4393564   0.0005174193   1.0917166   0.0094749063   
-5.0759913   0.013566932   1.6368535   0.01350231   -3.4391378   0.00053732855   1.0912357   0.0090015403   
-5.0755665   0.012911717   1.6366026   0.01284571   -3.4389639   0.00053986597   1.0910684   0.0085638069   
-5.073864   0.012428011   1.6350583   0.012344883   -3.4388057   0.00053850999   1.0900388   0.0082299218   
-5.0713282   0.012143085   1.6326467   0.012039931   -3.4386815   0.00052933572   1.0884311   0.0080266206   
-5.0692071   0.01181803   1.6305772   0.011711647   -3.4386299   0.00050942563   1.0870515   0.0078077643   
-5.0708806   0.011458327   1.6323089   0.011366111   -3.4385717   0.00049207534   1.088206   0.0075774071   
-5.0738723   0.01140806   1.6353811   0.011344112   -3.4384912   0.00047956923   1.090254   0.0075627411   
-5.0743249   0.010986737   1.6359001   0.010928207   -3.4384248   0.00046621837   1.0906   0.0072854714   
-5.0692474   0.011741673   1.6308658   0.011672152   -3.4383816   0.00045133041   1.0872439   0.0077814343   
-5.0624224   0.013226503   1.6240735   0.013152155   -3.4383489   0.00043671754   1.0827156   0.0087681031   
-5.0602032   0.012969292   1.6218396   0.012901051   -3.4383635   0.00042216213   1.0812264   0.0086007007   
-5.0595417   0.012561382   1.6211706   0.012495875   -3.4383711   0.0004083875   1.0807804   0.0083305835   
-5.057628   0.012312129   1.6192686   0.012247666   -3.4383595   0.00039559047   1.0795124   0.0081651105   
-5.0560995   0.012030703   1.6177314   0.011969834   -3.4383681   0.00038351192   1.0784876   0.0079798892   
-5.0538324   0.011889636   1.6154787   0.011828926   -3.4383537   0.00037233919   1.0769858   0.0078859503   
-5.0531949   0.011562521   1.6148259   0.011504521   -3.438369   0.00036186924   1.0765506   0.0076696805   
-5.0573664   0.011986047   1.6189741   0.011925116   -3.4383923   0.00035244086   1.0793161   0.0079500775   
-5.060778   0.012146548   1.6223755   0.012086809   -3.4384025   0.00034293484   1.0815837   0.0080578724   
-5.060808   0.01182262   1.6223898   0.011764444   -3.4384182   0.00033416061   1.0815932   0.0078429628   
-5.0592404   0.0116217   1.6208232   0.01156542   -3.4384172   0.00032548121   1.0805488   0.0077102798   
-5.0583333   0.011363698   1.6198727   0.011312578   -3.4384606   0.00032018797   1.0799151   0.007541719   
-5.0557406   0.011382276   1.6172629   0.011337664   -3.4384777   0.00031275011   1.0781753   0.0075584427   
-5.0510851   0.012044124   1.6125999   0.012006873   -3.4384851   0.00030530366   1.0750666   0.0080045823   
-5.0484611   0.012049868   1.6099628   0.012017255   -3.4384983   0.00029841022   1.0733085   0.008011503   
-5.0480468   0.011780108   1.6094994   0.011750098   -3.4385474   0.0002956528   1.0729996   0.0078333985   
-5.0485876   0.011528044   1.6099879   0.011496401   -3.4385997   0.00029369345   1.0733253   0.0076642676   
-5.0460675   0.011552864   1.6074294   0.011531136   -3.4386381   0.00028980089   1.0716196   0.0076874238   
-5.0419554   0.012029063   1.6032814   0.012021422   -3.438674   0.00028582994   1.0688543   0.0080142814   
-5.0425558   0.011791089   1.6038489   0.011781984   -3.438707   0.00028174752   1.0692326   0.0078546561   
-5.0442506   0.011671647   1.6054844   0.011654363   -3.4387662   0.00028222487   1.0703229   0.0077695755   
-5.0442163   0.011435883   1.6053951   0.011419246   -3.4388212   0.00028193667   1.0702634   0.0076128308   
-5.0436567   0.01122337   1.6047708   0.011210501   -3.4388859   0.00028382793   1.0698472   0.0074736672   
-5.0427667   0.011041341   1.603816   0.011034186   -3.4389508   0.00028577202   1.0692107   0.0073561238   
-5.0416959   0.010883823   1.6026967   0.010881707   -3.4389991   0.00028447102   1.0684645   0.0072544713   
-5.0404006   0.010758627   1.6013723   0.010760112   -3.4390283   0.00028066943   1.0675815   0.0071734083   
-5.0406526   0.01056421   1.6015953   0.010565017   -3.4390572   0.00027703609   1.0677302   0.0070433446   
-5.0399618   0.010396821   1.6009065   0.010397484   -3.4390553   0.00027205088   1.067271   0.0069316557   
-5.038693   0.010291303   1.5996747   0.010287457   -3.4390183   0.00026977984   1.0664498   0.0068583048   
-5.0377959   0.010152028   1.5987931   0.010146905   -3.4390028   0.00026554082   1.065862   0.0067646031   
-5.0392593   0.010085209   1.6002911   0.010085318   -3.4389681   0.00026329367   1.0668607   0.0067235456   
-5.0427509   0.010512493   1.6038304   0.010528524   -3.4389205   0.00026322145   1.0692203   0.007019016   
-5.0449601   0.010572125   1.6060979   0.010599848   -3.4388622   0.00026533931   1.0707319   0.0070665652   
-5.0456208   0.010421175   1.6068117   0.010451888   -3.4388091   0.00026638312   1.0712078   0.0069679256   
-5.0472361   0.010380867   1.6084779   0.010418743   -3.4387582   0.0002670201   1.0723186   0.0069458286   
-5.0496206   0.010491927   1.6109274   0.01054315   -3.4386931   0.00027073716   1.0739516   0.0070287666   
-5.050353   0.010355188   1.6117186   0.010409786   -3.4386345   0.00027292248   1.074479   0.0069398573   
-5.0495065   0.010232163   1.6109188   0.010281999   -3.4385877   0.00027279936   1.0739459   0.0068546658   
-5.0490888   0.010086939   1.6105212   0.010135174   -3.4385676   0.00026944865   1.0736808   0.0067567828   
-5.0495804   0.0099496456   1.6110262   0.0099977739   -3.4385542   0.00026579251   1.0740174   0.0066651826   
-5.0494354   0.0098054583   1.6108823   0.009852863   -3.4385531   0.00026191438   1.0739216   0.0065685753   
-5.0491367   0.0096689814   1.6105665   0.0097162222   -3.4385702   0.00025871067   1.073711   0.0064774815   
-5.0493004   0.0095332311   1.6107108   0.0095794836   -3.4385896   0.00025577521   1.0738072   0.0063863224   
-5.050206   0.0094434142   1.6116194   0.0094890928   -3.4385866   0.00025221504   1.0744129   0.0063260619   
-5.0501644   0.0093132466   1.6115855   0.0093582639   -3.438579   0.00024885283   1.0743903   0.0062388426   
-5.0503261   0.0091879526   1.6117686   0.009232751   -3.4385575   0.00024640173   1.0745124   0.0061551674   
-5.0512028   0.0091069145   1.6126499   0.0091513531   -3.4385529   0.00024313846   1.0750999   0.0061009021   
-5.0515273   0.0089921426   1.6129859   0.0090363865   -3.4385413   0.00024019615   1.0753239   0.0060242577   
-5.0520885   0.0088923211   1.6135726   0.0089375352   -3.4385159   0.00023841956   1.0757151   0.0059583568   
-5.0530372   0.0088287029   1.614556   0.0088768442   -3.4384813   0.00023787483   1.0763706   0.0059178961   
-5.0529201   0.0087170173   1.6144759   0.0087641248   -3.4384443   0.00023774024   1.0763172   0.0058427499   
-5.0511612   0.0087852498   1.6127619   0.008821973   -3.4383993   0.00023902564   1.0751746   0.0058813153   
-5.0495027   0.0088332007   1.6111412   0.0088618383   -3.4383615   0.00023906032   1.0740942   0.0059078922   
-5.0487517   0.0087570772   1.6104336   0.0087816585   -3.4383181   0.00024007661   1.0736224   0.005854439   
-5.0480806   0.0086769182   1.609793   0.0086988264   -3.4382876   0.00023912539   1.0731954   0.0057992176   
-5.0473044   0.0086080712   1.6090521   0.0086265206   -3.4382522   0.00023889215   1.0727014   0.0057510138   
-5.0465169   0.0085425654   1.6082977   0.0085577501   -3.4382193   0.00023835507   1.0721984   0.0057051668   
-5.0457851   0.0084743073   1.6075785   0.0084881781   -3.4382066   0.00023590613   1.071719   0.0056587854   
-5.0454166   0.0083844357   1.6072278   0.0083973704   -3.4381888   0.00023385784   1.0714852   0.0055982469   
-5.0449262   0.0083031103   1.6067578   0.0083146917   -3.4381683   0.00023209097   1.0711719   0.0055431278   
-5.0446728   0.0082131964   1.6065115   0.008224427   -3.4381613   0.00022957696   1.0710077   0.0054829514   
-5.044965   0.008126683   1.6068092   0.0081379767   -3.4381559   0.00022707595   1.0712061   0.0054253178   
-5.0442196   0.0080713751   1.6060732   0.0080816308   -3.4381464   0.00022476521   1.0707155   0.0053877539   
-5.04313   0.0080571841   1.6049788   0.0080678789   -3.4381512   0.00022235963   1.0699859   0.005378586   
-5.0421206   0.0080337329   1.6039773   0.0080432451   -3.4381433   0.00022009631   1.0693182   0.0053621634   
-5.0416517   0.0079616312   1.6035271   0.007969945   -3.4381246   0.00021854687   1.0690181   0.0053132967   
-5.0407816   0.0079252837   1.6026749   0.0079315189   -3.4381067   0.00021697206   1.0684499   0.0052876793   
-5.0397754   0.0079065785   1.6016754   0.0079118582   -3.4381001   0.00021480232   1.0677836   0.0052745721   
-5.0396484   0.0078256747   1.60154   0.0078310375   -3.4381083   0.00021273689   1.0676933   0.0052206917   
-5.0402486   0.0077686343   1.6021348   0.0077735077   -3.4381138   0.00021062528   1.0680899   0.0051823385   
-5.0401258   0.0076907439   1.6020057   0.0076956709   -3.4381201   0.00020858306   1.0680038   0.0051304473   
-5.0386954   0.0077466459   1.6005402   0.0077579953   -3.4381552   0.00020945048   1.0670268   0.0051719969   
