-0.10528453   0   1.8132847   0   1.7080001   0   1.2088564   0   
-0.12371273   0.018428191   1.8317111   0.01842642   1.7079984   1.7705946e-06   1.2211407   0.01228428   
-0.13205394   0.013519443   1.8400491   0.013516674   1.7079952   3.3450883e-06   1.2266994   0.0090111158   
-0.13135124   0.0095854822   1.8393425   0.0095838157   1.7079913   4.5592697e-06   1.2262284   0.0063892105   
-0.13314074   0.0076374858   1.8411259   0.0076348088   1.7079852   7.0299456e-06   1.2274173   0.0050898725   
-0.14185931   0.010719183   1.8498371   0.010711876   1.7079778   9.3816353e-06   1.2332247   0.0071412504   
-0.15154855   0.013264746   1.8595226   0.013257779   1.707974   8.7767698e-06   1.2396817   0.0088385193   
-0.15918379   0.013793551   1.8671552   0.013787055   1.7079714   8.052382e-06   1.2447701   0.0091913697   
-0.16431442   0.01320246   1.8722828   0.013196034   1.7079684   7.6898409e-06   1.2481886   0.0087973563   
-0.16872973   0.012607099   1.876695   0.01260061   1.7079653   7.5680543e-06   1.25113   0.0084004069   
-0.17368781   0.01243477   1.8816506   0.012428421   1.7079628   7.2617948e-06   1.2544338   0.0082856141   
-0.18089827   0.013447811   1.888859   0.013441786   1.7079607   6.9578291e-06   1.2592393   0.0089611908   
-0.18999771   0.015356476   1.8979569   0.015351086   1.7079592   6.5881261e-06   1.2653046   0.010234057   
-0.19868707   0.016662458   1.9066443   0.016657181   1.7079572   6.4050372e-06   1.2710962   0.011104787   
-0.20508438   0.016779296   1.9130386   0.016773599   1.7079542   6.6878438e-06   1.275359   0.011182399   
-0.20784986   0.015937364   1.9158014   0.015931661   1.7079516   6.7840661e-06   1.2772009   0.010621107   
-0.20844669   0.014982439   1.9163956   0.01497698   1.7079489   6.9093348e-06   1.2775971   0.0099846533   
-0.2122807   0.014636653   1.9202266   0.014630901   1.7079459   7.169562e-06   1.2801511   0.0097539342   
-0.21752798   0.014805906   1.9254709   0.014799783   1.707943   7.3842845e-06   1.2836473   0.0098665221   
-0.2227898   0.014999336   1.9307297   0.014992834   1.7079399   7.6325089e-06   1.2871532   0.0099952229   
-0.22791168   0.015158729   1.9358489   0.015151978   1.7079372   7.7639275e-06   1.2905659   0.010101319   
-0.23239686   0.015133213   1.9403313   0.015126259   1.7079345   7.8875635e-06   1.2935542   0.010084173   
-0.23572885   0.014839206   1.9436608   0.014832175   1.707932   7.9328425e-06   1.2957739   0.0098881166   
-0.2389096   0.014559157   1.9468391   0.014552036   1.7079295   8.0030797e-06   1.2978927   0.0097013576   
-0.24230301   0.014371038   1.9502301   0.014363835   1.7079271   8.0431546e-06   1.3001534   0.0095758897   
-0.24560587   0.014196796   1.9535311   0.01418964   1.7079252   7.9404156e-06   1.3023541   0.0094597599   
-0.24863268   0.013992177   1.9565565   0.013985153   1.7079238   7.7659675e-06   1.304371   0.0093234356   
-0.25074975   0.013648393   1.9586726   0.013641555   1.7079229   7.5476366e-06   1.3057817   0.00909437   
-0.25204797   0.013233186   1.9599694   0.013226482   1.7079215   7.4167799e-06   1.3066463   0.0088176544   
-0.25321645   0.01283776   1.9611365   0.012831181   1.70792   7.3040376e-06   1.3074243   0.0085541206   
-0.25442387   0.012475301   1.9623427   0.012468851   1.7079188   7.1684158e-06   1.3082285   0.0083125671   
-0.25512474   0.012099475   1.9630421   0.012093152   1.7079173   7.1047109e-06   1.3086947   0.0080621012   
-0.2558835   0.011751615   1.9637994   0.011745411   1.7079159   7.0213254e-06   1.3091996   0.0078302737   
-0.25810484   0.01161513   1.9660195   0.011608968   1.7079146   6.9401448e-06   1.3106796   0.007739312   
-0.26089569   0.011618556   1.9688091   0.011612461   1.7079134   6.843912e-06   1.3125394   0.0077416406   
-0.26350756   0.011589359   1.97142   0.011583357   1.7079124   6.7291433e-06   1.31428   0.0077222382   
-0.26539998   0.011429538   1.9733113   0.011423597   1.7079113   6.6382547e-06   1.3155408   0.0076157316   
-0.26601214   0.011141525   1.9739225   0.011135701   1.7079104   6.528157e-06   1.3159483   0.0074238003   
-0.26572332   0.010855928   1.9736333   0.010850266   1.70791   6.3689833e-06   1.3157555   0.007233511   
-0.26607589   0.010586922   1.973985   0.010581378   1.7079091   6.2697726e-06   1.31599   0.0070542518   
-0.26690684   0.010358858   1.974815   0.010353389   1.7079081   6.1927783e-06   1.3165433   0.0069022596   
-0.2674036   0.010121408   1.9753108   0.010116032   1.7079072   6.1133548e-06   1.3168739   0.0067440215   
-0.26849752   0.0099435797   1.9764035   0.0099382296   1.707906   6.0909965e-06   1.3176023   0.0066254864   
-0.26989838   0.0098154403   1.9778027   0.009810027   1.7079043   6.1835321e-06   1.3185351   0.006540018   
-0.27119692   0.0096823133   1.9790993   0.0096768096   1.7079024   6.3477303e-06   1.3193995   0.0064512064   
-0.27212724   0.0095150781   1.9800276   0.0095095221   1.7079003   6.5337419e-06   1.3200184   0.0063396814   
-0.27230105   0.0093120511   1.9801997   0.0093065837   1.7078986   6.6196364e-06   1.3201331   0.0062043891   
-0.27208757   0.0091184853   1.9799844   0.0091131767   1.7078968   6.7242419e-06   1.3199896   0.0060754511   
-0.27230444   0.0089330879   1.9801989   0.0089278319   1.7078944   7.015484e-06   1.3201326   0.0059518879   
-0.27310113   0.0087887863   1.980993   0.0087834243   1.7078918   7.3407259e-06   1.320662   0.0058556162   
-0.27409772   0.0086721873   1.981987   0.0086666783   1.7078893   7.6201326e-06   1.3213247   0.0057777855   
-0.27498097   0.0085495258   1.982868   0.0085439126   1.707887   7.825742e-06   1.321912   0.0056959418   
-0.27554942   0.0084059057   1.9834342   0.0084002632   1.7078848   7.986894e-06   1.3222895   0.0056001754   
-0.27567332   0.0082497026   1.9835561   0.0082441365   1.7078828   8.0855179e-06   1.3223708   0.005496091   
-0.27580592   0.0080994046   1.9836868   0.0080939107   1.7078809   8.1591351e-06   1.3224579   0.0053959404   
-0.2759897   0.0079555803   1.9838688   0.0079501446   1.7078791   8.2190879e-06   1.3225792   0.0053000964   
-0.27625998   0.0078194351   1.9841373   0.0078140382   1.7078773   8.2625349e-06   1.3227582   0.0052093588   
-0.27673043   0.0076978239   1.9846062   0.0076924332   1.7078757   8.2749563e-06   1.3230708   0.0051282888   
-0.2775142   0.0076067133   1.9853881   0.0076012592   1.7078739   8.3268697e-06   1.3235921   0.0050675062   
-0.27844311   0.0075363273   1.9863154   0.007530807   1.7078723   8.3444022e-06   1.3242103   0.005020538   
-0.27907708   0.0074388153   1.986948   0.0074332841   1.7078709   8.330308e-06   1.324632   0.0049555227   
-0.27932029   0.0073218913   1.9871899   0.0073164106   1.7078696   8.2943408e-06   1.3247933   0.0048776071   
-0.27986156   0.0072250369   1.9877299   0.0072195596   1.7078683   8.2687678e-06   1.3251532   0.0048130397   
-0.28089711   0.0071862532   1.9887641   0.0071807342   1.707867   8.2384532e-06   1.3258427   0.0047871561   
-0.28210866   0.0071778195   1.9899744   0.0071722493   1.7078657   8.2098937e-06   1.3266496   0.0047814995   
-0.28332689   0.0071724438   1.9911914   0.0071668355   1.7078645   8.172286e-06   1.327461   0.0047778903   
-0.28444861   0.0071530804   1.992312   0.0071474433   1.7078634   8.1321733e-06   1.328208   0.0047649622   
-0.28540497   0.0071117005   1.9932669   0.0071059959   1.7078619   8.1505763e-06   1.3288446   0.0047373306   
-0.28619271   0.0070520092   1.9940533   0.0070462827   1.7078606   8.1292992e-06   1.3293689   0.0046975218   
-0.28668481   0.0069679348   1.9945441   0.0069622109   1.7078593   8.1220841e-06   1.3296961   0.0046414739   
-0.28696352   0.006874746   1.9948216   0.0068690583   1.7078581   8.1000011e-06   1.3298811   0.0045793722   
-0.28742725   0.0067944347   1.9952839   0.0067887425   1.7078567   8.1126793e-06   1.3301893   0.0045258283   
-0.28807273   0.0067317315   1.9959281   0.0067260169   1.7078553   8.1092949e-06   1.3306187   0.0044840113   
-0.28857405   0.006659036   1.9964283   0.0066533319   1.7078542   8.0752151e-06   1.3309522   0.0044355546   
-0.28890199   0.0065778288   1.9967551   0.0065721522   1.7078531   8.0458611e-06   1.3311701   0.0043814348   
-0.28924262   0.0064996337   1.9970947   0.0064939852   1.7078521   8.0078233e-06   1.3313965   0.0043293235   
-0.28980712   0.0064394577   1.9976584   0.0064338377   1.7078513   7.9398807e-06   1.3317723   0.0042892251   
-0.2905895   0.006404333   1.9984397   0.0063986955   1.7078502   7.9111541e-06   1.3322931   0.004265797   
-0.291387   0.0063728431   1.9992358   0.0063671485   1.7078488   7.9313229e-06   1.3328239   0.0042447657   
-0.29196   0.0063187123   1.9998075   0.0063129875   1.7078475   7.9520141e-06   1.333205   0.0042086584   
-0.29219833   0.0062447656   2.0000445   0.0062390665   1.7078462   7.96037e-06   1.333363   0.0041593776   
-0.29249722   0.0061753773   2.0003421   0.0061696938   1.7078449   7.963063e-06   1.3335614   0.0041131292   
-0.29301276   0.0061222658   2.0008566   0.0061165841   1.7078439   7.9342134e-06   1.3339044   0.0040777227   
-0.29356782   0.0060743561   2.0014108   0.0060686846   1.707843   7.8894713e-06   1.3342739   0.0040457898   
-0.29387766   0.0060104592   2.00172   0.0060048278   1.7078423   7.824846e-06   1.33448   0.0040032185   
-0.29356276   0.0059485002   2.0014044   0.0059429752   1.7078417   7.7579194e-06   1.3342696   0.0039619834   
-0.29341218   0.0058816568   2.0012534   0.0058762106   1.7078412   7.6853003e-06   1.3341689   0.0039174737   
-0.29392436   0.0058369503   2.0017652   0.0058315622   1.7078409   7.6027971e-06   1.3345102   0.0038877081   
-0.29478098   0.0058342236   2.0026216   0.0058289134   1.7078406   7.5219871e-06   1.3350811   0.0038859423   
-0.2955211   0.0058163167   2.0033616   0.0058111006   1.7078405   7.438197e-06   1.3355744   0.0038740671   
-0.29592305   0.0057660728   2.0037637   0.0057609329   1.7078406   7.3564858e-06   1.3358425   0.0038406219   
-0.29621502   0.0057105226   2.0040557   0.005705449   1.7078407   7.2764012e-06   1.3360371   0.0038036326   
-0.29679279   0.0056782571   2.0046335   0.0056732676   1.7078407   7.1978046e-06   1.3364224   0.0037821784   
-0.29756997   0.0056710309   2.0054109   0.0056661635   1.7078409   7.1226498e-06   1.3369406   0.0037774423   
-0.29839609   0.0056715072   2.0062373   0.005666795   1.7078413   7.0563855e-06   1.3374916   0.0037778633   
-0.29917867   0.0056664197   2.0070204   0.0056618701   1.7078417   7.0000415e-06   1.3380136   0.00377458   
-0.29993142   0.0056579952   2.0077736   0.0056535867   1.7078422   6.9393314e-06   1.3385157   0.0037690578   
-0.30091236   0.0056852291   2.0087549   0.0056809998   1.7078425   6.8796018e-06   1.3391699   0.0037873332   
-0.30203653   0.005738695   2.0098795   0.0057346697   1.707843   6.8219313e-06   1.3399197   0.0038231131   
-0.30291776   0.0057489604   2.0107613   0.0057451175   1.7078436   6.7816151e-06   1.3405076   0.0038300783   
