           1   -0.462638   -0.462638           0
           2   -0.463859   -0.463249 0.000431748
           3   -0.463072    -0.46319 0.000291832
           4   -0.463101   -0.463167 0.000219708
           5   -0.463305   -0.463195 0.000177489
           6   -0.461814   -0.462965  0.00025698
           7   -0.462992   -0.462969 0.000220299
           8   -0.463471   -0.463032 0.000201504
           9   -0.463786   -0.463115 0.000195797
          10   -0.462322   -0.463036 0.000191621
          11   -0.463035   -0.463036 0.000174201
          12   -0.463435   -0.463069  0.00016283
          13   -0.462924   -0.463058 0.000150685
          14   -0.463781    -0.46311 0.000148497
          15   -0.462732   -0.463085 0.000140716
          16   -0.463681   -0.463122 0.000136765
          17   -0.462761   -0.463101 0.000130354
          18   -0.462992   -0.463095 0.000123253
          19    -0.46306   -0.463093 0.000116779
          20   -0.461992   -0.463038  0.00012322
          21   -0.462542   -0.463014 0.000119596
          22   -0.462698      -0.463 0.000115017
          23    -0.46247   -0.462977 0.000112297
          24   -0.463445   -0.462996 0.000109297
          25    -0.46294   -0.462994 0.000104948
          26   -0.462983   -0.462994 0.000100913
          27    -0.46354   -0.463014 9.91836e-05
          28   -0.462336    -0.46299  9.8551e-05
          29   -0.463223   -0.462998 9.54801e-05
          30   -0.462193   -0.462971 9.59871e-05
          31   -0.463402   -0.462985 9.38942e-05
          32   -0.462211   -0.462961 9.40199e-05
          33   -0.462224   -0.462938 9.37856e-05
          34   -0.463193   -0.462946 9.13257e-05
          35   -0.463426   -0.462959   8.974e-05
          36   -0.463019   -0.462961 8.72625e-05
          37    -0.46313   -0.462966 8.50231e-05
          38   -0.462319   -0.462949 8.44728e-05
          39   -0.463426   -0.462961   8.319e-05
          40   -0.462186   -0.462941 8.33362e-05
          41   -0.462931   -0.462941  8.1304e-05
          42   -0.463048   -0.462944 7.94077e-05
          43   -0.463071   -0.462947 7.76158e-05
          44   -0.462625   -0.462939 7.61949e-05
          45   -0.462584   -0.462932 7.49091e-05
          46   -0.463028   -0.462934 7.33102e-05
          47   -0.462847   -0.462932 7.17737e-05
          48   -0.462206   -0.462917 7.18534e-05
          49   -0.462696   -0.462912 7.05279e-05
          50   -0.462737   -0.462909 6.92046e-05
          51   -0.462777   -0.462906 6.78959e-05
          52   -0.463762   -0.462922 6.85544e-05
          53   -0.462913   -0.462922 6.72612e-05
          54   -0.463569   -0.462934 6.70731e-05
          55   -0.462886   -0.462933 6.58594e-05
          56    -0.46274    -0.46293  6.4774e-05
          57   -0.462766   -0.462927 6.37018e-05
          58   -0.464163   -0.462948 6.60708e-05
          59   -0.463127   -0.462951 6.50206e-05
          60   -0.463575   -0.462962  6.4762e-05
          61   -0.463002   -0.462962 6.37036e-05
          62   -0.463759   -0.462975 6.39587e-05
          63   -0.463515   -0.462984 6.35135e-05
          64   -0.463002   -0.462984 6.25218e-05
          65   -0.462644   -0.462979 6.17782e-05
          66   -0.462209   -0.462967 6.19333e-05
          67   -0.462147   -0.462955 6.22066e-05
          68   -0.462857   -0.462954 6.13084e-05
          69   -0.462922   -0.462953 6.04215e-05
          70   -0.462946   -0.462953 5.95585e-05
          71   -0.462867   -0.462952  5.8732e-05
          72   -0.463494   -0.462959 5.83962e-05
          73   -0.462257    -0.46295 5.83831e-05
          74   -0.462375   -0.462942 5.81085e-05
          75   -0.463261   -0.462946 5.74888e-05
          76   -0.462936   -0.462946 5.67325e-05
          77   -0.463304   -0.462951 5.61856e-05
          78   -0.462608   -0.462946 5.56369e-05
          79   -0.462035   -0.462935  5.6117e-05
          80    -0.46363   -0.462943 5.60841e-05
          81   -0.463154   -0.462946 5.54518e-05
          82   -0.462961   -0.462946 5.47759e-05
          83   -0.462626   -0.462942 5.42515e-05
          84   -0.463213   -0.462946 5.37013e-05
          85   -0.463823   -0.462956 5.40519e-05
          86   -0.462866   -0.462955 5.34334e-05
          87   -0.462361   -0.462948  5.3254e-05
          88   -0.461979   -0.462937 5.37764e-05
          89   -0.462964   -0.462937  5.3173e-05
          90   -0.462334   -0.462931 5.30037e-05
          91   -0.463354   -0.462935 5.26255e-05
          92   -0.464096   -0.462948 5.35434e-05
          93    -0.46352   -0.462954 5.33201e-05
          94   -0.463151   -0.462956 5.27938e-05
          95   -0.463519   -0.462962 5.25697e-05
          96    -0.46395   -0.462972 5.30195e-05
          97   -0.461789    -0.46296 5.38592e-05
          98   -0.463525   -0.462966 5.36167e-05
          99    -0.46298   -0.462966 5.30753e-05
         100   -0.462987   -0.462966 5.25449e-05
