           1    -0.76746    -0.76746           0
           2   -0.767501    -0.76748 1.43882e-05
           3   -0.767545   -0.767502 1.99815e-05
           4   -0.767958   -0.767616 9.98219e-05
           5   -0.767225   -0.767538 0.000106102
           6   -0.767054   -0.767457 0.000115023
           7   -0.767743   -0.767498 0.000105619
           8   -0.767264   -0.767469 9.63961e-05
           9   -0.767319   -0.767452 8.71158e-05
          10   -0.767714   -0.767478 8.22492e-05
          11   -0.768015   -0.767527 8.80468e-05
          12   -0.768233   -0.767586 9.84189e-05
          13   -0.767632   -0.767589 9.09115e-05
          14   -0.767751   -0.767601 8.51511e-05
          15   -0.766675   -0.767539 9.93562e-05
          16   -0.768691   -0.767611 0.000116324
          17   -0.768108    -0.76764 0.000113101
          18    -0.76806   -0.767664 0.000109194
          19   -0.766268    -0.76759 0.000125758
          20   -0.768647   -0.767643 0.000130094
          21   -0.766492   -0.767588 0.000134949
          22   -0.768132   -0.767613  0.00013106
          23   -0.768271   -0.767642 0.000128451
          24   -0.767968   -0.767655 0.000123818
          25   -0.766925   -0.767626 0.000122257
          26   -0.767275   -0.767612   0.0001183
          27   -0.767379   -0.767604 0.000114233
          28    -0.76589   -0.767543 0.000125485
          29   -0.767921   -0.767556 0.000121835
          30   -0.767255   -0.767546 0.000118185
          31   -0.767597   -0.767547 0.000114384
          32   -0.768998   -0.767593 0.000119455
          33   -0.767869   -0.767601 0.000116128
          34   -0.766182   -0.767559 0.000119977
          35   -0.767209   -0.767549 0.000116965
          36   -0.766068   -0.767508 0.000120739
          37   -0.766856    -0.76749 0.000118755
          38   -0.768892   -0.767527  0.00012122
          39   -0.768004    -0.76754 0.000118726
          40   -0.768162   -0.767555 0.000116774
          41   -0.767872   -0.767563 0.000114181
          42   -0.767557   -0.767563 0.000111462
          43   -0.767968   -0.767572 0.000109267
          44   -0.767153   -0.767563 0.000107199
          45   -0.767553   -0.767562 0.000104817
          46   -0.765816   -0.767524 0.000109195
          47   -0.767288   -0.767519 0.000106987
          48   -0.768046    -0.76753 0.000105319
          49   -0.766013   -0.767499 0.000107625
          50   -0.766228   -0.767474 0.000108437
          51   -0.767215   -0.767469 0.000106429
          52   -0.768624   -0.767491 0.000106677
          53   -0.768355   -0.767507 0.000105902
          54   -0.767591   -0.767509 0.000103952
          55   -0.767076   -0.767501  0.00010236
          56   -0.768535    -0.76752 0.000102185
          57   -0.766841   -0.767508 0.000101083
          58   -0.769427   -0.767541 0.000104618
          59   -0.766964   -0.767531   0.0001033
          60   -0.766992   -0.767522 0.000101968
          61   -0.767741   -0.767526  0.00010036
          62   -0.767248   -0.767521 9.88408e-05
          63   -0.766539   -0.767506 9.84926e-05
          64   -0.766592   -0.767491 9.79815e-05
          65   -0.768836   -0.767512 9.86346e-05
          66   -0.766117   -0.767491 9.93798e-05
          67   -0.767767   -0.767495 9.79818e-05
          68   -0.768259   -0.767506 9.71837e-05
          69   -0.768196   -0.767516 9.62874e-05
          70   -0.767968   -0.767523  9.5128e-05
          71   -0.767823   -0.767527 9.38823e-05
          72   -0.766616   -0.767514 9.34276e-05
          73   -0.767346   -0.767512 9.21763e-05
          74   -0.767218   -0.767508 9.10161e-05
          75   -0.767405   -0.767507 8.98129e-05
          76    -0.76604   -0.767487 9.06815e-05
          77   -0.769019   -0.767507 9.16598e-05
          78    -0.76746   -0.767507 9.04867e-05
          79   -0.767608   -0.767508 8.93504e-05
          80   -0.766667   -0.767497 8.88497e-05
          81   -0.768486    -0.76751 8.85872e-05
          82   -0.768373    -0.76752 8.81301e-05
          83   -0.766409   -0.767507 8.80794e-05
          84   -0.766824   -0.767499 8.74051e-05
          85   -0.765837   -0.767479 8.85349e-05
          86   -0.767229   -0.767476  8.7553e-05
          87   -0.767029   -0.767471 8.66975e-05
          88   -0.767874   -0.767476 8.58333e-05
          89   -0.767297   -0.767474 8.48923e-05
          90   -0.766769   -0.767466 8.43094e-05
          91   -0.766579   -0.767456 8.39435e-05
          92   -0.767969   -0.767462 8.32163e-05
          93   -0.766785   -0.767454 8.26392e-05
          94   -0.767501   -0.767455 8.17615e-05
          95   -0.767236   -0.767452 8.09332e-05
          96   -0.768683   -0.767465 8.10983e-05
          97   -0.767704   -0.767468 8.02997e-05
          98   -0.768352   -0.767477 7.99859e-05
          99   -0.767442   -0.767476 7.91788e-05
         100   -0.766793    -0.76747 7.86816e-05
