           1   -0.584815   -0.584815           0
           2   -0.584782   -0.584798 1.17917e-05
           3   -0.584026   -0.584541 0.000210371
           4   -0.584904   -0.584632 0.000176254
           5   -0.585868   -0.584879 0.000262354
           6    -0.58403   -0.584737 0.000253935
           7   -0.584347   -0.584682 0.000223696
           8   -0.584441   -0.584652 0.000197738
           9    -0.58474   -0.584661 0.000176011
          10   -0.584151    -0.58461 0.000165636
          11   -0.584782   -0.584626 0.000151314
          12   -0.584243   -0.584594 0.000142033
          13   -0.583291   -0.584494 0.000162702
          14   -0.585363   -0.584556 0.000162491
          15   -0.583999   -0.584519 0.000155843
          16   -0.584348   -0.584508 0.000146469
          17   -0.584725   -0.584521 0.000138407
          18   -0.584266   -0.584507 0.000131438
          19   -0.583903   -0.584475  0.00012831
          20   -0.584195   -0.584461 0.000122653
          21   -0.584051   -0.584441  0.00011836
          22    -0.58442    -0.58444 0.000112984
          23   -0.584317   -0.584435   0.0001082
          24    -0.58563   -0.584485 0.000114568
          25   -0.583772   -0.584456 0.000113478
          26   -0.584627   -0.584463 0.000109303
          27   -0.584772   -0.584474 0.000105854
          28   -0.583172   -0.584428 0.000111831
          29    -0.58399   -0.584413 0.000108987
          30   -0.585115   -0.584436 0.000107842
          31   -0.585866   -0.584482 0.000113796
          32   -0.584531   -0.584484  0.00011025
          33   -0.584862   -0.584495 0.000107504
          34    -0.58528   -0.584518 0.000106788
          35   -0.583583   -0.584492 0.000107025
          36   -0.584294   -0.584486 0.000104194
          37   -0.584328   -0.584482 0.000101465
          38   -0.584879   -0.584492 9.93323e-05
          39   -0.584449   -0.584491 9.67916e-05
          40   -0.584742   -0.584497 9.45744e-05
          41   -0.584333   -0.584493 9.23532e-05
          42   -0.584497   -0.584494 9.01544e-05
          43   -0.584728   -0.584499  8.8223e-05
          44   -0.584556     -0.5845 8.62273e-05
          45   -0.584389   -0.584498 8.43467e-05
          46   -0.584163   -0.584491 8.28256e-05
          47   -0.583551   -0.584471 8.34428e-05
          48   -0.583471    -0.58445  8.4261e-05
          49   -0.584776   -0.584456 8.28045e-05
          50   -0.584714   -0.584462 8.13086e-05
          51   -0.584997   -0.584472 8.03881e-05
          52   -0.585189   -0.584486 8.00143e-05
          53   -0.584551   -0.584487 7.85141e-05
          54   -0.583622   -0.584471 7.86791e-05
          55   -0.585096   -0.584482 7.80639e-05
          56   -0.584315   -0.584479 7.67271e-05
          57   -0.582991   -0.584453 7.97014e-05
          58   -0.584789   -0.584459 7.85371e-05
          59   -0.584487    -0.58446 7.72074e-05
          60   -0.584743   -0.584464 7.60655e-05
          61   -0.584514   -0.584465 7.48228e-05
          62   -0.585186   -0.584477 7.45128e-05
          63   -0.584963   -0.584484 7.37292e-05
          64   -0.585269   -0.584497 7.35883e-05
          65     -0.5838   -0.584486 7.32319e-05
          66   -0.583793   -0.584475 7.28705e-05
          67   -0.583443    -0.58446 7.33947e-05
          68   -0.584449    -0.58446 7.23155e-05
          69   -0.585196   -0.584471 7.20493e-05
          70   -0.585171   -0.584481 7.17118e-05
          71   -0.585095   -0.584489 7.12215e-05
          72   -0.585305   -0.584501 7.11289e-05
          73   -0.583637   -0.584489 7.11314e-05
          74   -0.583564   -0.584476 7.12598e-05
          75   -0.584919   -0.584482 7.05542e-05
          76   -0.584995   -0.584489 6.99484e-05
          77   -0.585081   -0.584497  6.9461e-05
          78   -0.583987    -0.58449 6.88769e-05
          79   -0.583952   -0.584483  6.8341e-05
          80   -0.583914   -0.584476 6.78561e-05
          81   -0.584592   -0.584478 6.70334e-05
          82   -0.584561   -0.584479 6.62236e-05
          83   -0.583452   -0.584466 6.65702e-05
          84   -0.585689   -0.584481 6.73514e-05
          85   -0.584649   -0.584483 6.65881e-05
          86   -0.584534   -0.584483 6.58165e-05
          87   -0.584304   -0.584481 6.50922e-05
          88   -0.582434   -0.584458 6.83821e-05
          89   -0.584542   -0.584459 6.76203e-05
          90   -0.583506   -0.584448 6.76926e-05
          91    -0.58395   -0.584443   6.717e-05
          92   -0.584206    -0.58444 6.64892e-05
          93   -0.584002   -0.584436 6.59415e-05
          94   -0.585287   -0.584445 6.58584e-05
          95   -0.584391   -0.584444 6.51676e-05
          96    -0.58416   -0.584441 6.45559e-05
          97   -0.583869   -0.584435 6.41589e-05
          98   -0.585034   -0.584441 6.37941e-05
          99   -0.585021   -0.584447 6.34177e-05
         100   -0.584789   -0.584451 6.28757e-05
