           1   -0.463279   -0.463279           0
           2   -0.462853   -0.463066 0.000150552
           3   -0.463111   -0.463081 0.000101127
           4   -0.462692   -0.462984 0.000113392
           5   -0.462414    -0.46287 0.000136371
           6   -0.462773   -0.462854 0.000114584
           7   -0.462581   -0.462815 0.000104626
           8   -0.462929   -0.462829 9.25116e-05
           9   -0.463056   -0.462854 8.55915e-05
          10   -0.463276   -0.462896 8.67926e-05
          11   -0.462603    -0.46287 8.28994e-05
          12   -0.463059   -0.462886 7.74775e-05
          13   -0.463953   -0.462968 0.000106509
          14   -0.463275    -0.46299 0.000101143
          15   -0.462448   -0.462954 0.000100642
          16    -0.46333   -0.462977 9.70682e-05
          17   -0.462539   -0.462951 9.47193e-05
          18   -0.462807   -0.462943  8.9796e-05
          19   -0.462384   -0.462914 8.97613e-05
          20   -0.464019   -0.462969 0.000100859
          21   -0.463018   -0.462971 9.60823e-05
          22   -0.462262   -0.462939 9.69697e-05
          23   -0.462706   -0.462929 9.32828e-05
          24     -0.4629   -0.462928  8.9404e-05
          25   -0.462468   -0.462909 8.76976e-05
          26   -0.461991   -0.462874 9.11632e-05
          27   -0.464766   -0.462944 0.000111517
          28   -0.462895   -0.462942 0.000107548
          29    -0.46327   -0.462954 0.000104429
          30   -0.463918   -0.462986 0.000105784
          31   -0.463434      -0.463 0.000103357
          32    -0.46239   -0.462981 0.000101873
          33   -0.463478   -0.462996 9.98898e-05
          34   -0.462199   -0.462973 9.96665e-05
          35   -0.462686   -0.462965  9.7156e-05
          36   -0.462853   -0.462962 9.45064e-05
          37   -0.462484   -0.462949 9.28311e-05
          38   -0.462756   -0.462944 9.05266e-05
          39   -0.463271   -0.462952 8.85933e-05
          40   -0.461872   -0.462925 9.03996e-05
          41    -0.46285   -0.462923 8.82134e-05
          42   -0.462055   -0.462902 8.85021e-05
          43   -0.463073   -0.462906 8.65328e-05
          44   -0.462486   -0.462897 8.50931e-05
          45    -0.46327   -0.462905 8.36053e-05
          46   -0.463819   -0.462925 8.41157e-05
          47   -0.462944   -0.462925 8.23269e-05
          48   -0.463274   -0.462933 8.09311e-05
          49    -0.46352   -0.462945 8.01633e-05
          50   -0.463457   -0.462955 7.92112e-05
          51   -0.462506   -0.462946 7.81448e-05
          52    -0.46273   -0.462942 7.67524e-05
          53    -0.46322   -0.462947 7.54829e-05
          54   -0.463129   -0.462951   7.416e-05
          55   -0.462792   -0.462948 7.28679e-05
          56   -0.463049   -0.462949  7.1589e-05
          57   -0.462896   -0.462949 7.03392e-05
          58   -0.463498   -0.462958 6.97622e-05
          59   -0.462732   -0.462954 6.86846e-05
          60   -0.463169   -0.462958  6.7633e-05
          61    -0.46309    -0.46296 6.65588e-05
          62   -0.463417   -0.462967 6.58917e-05
          63   -0.463293   -0.462972 6.50484e-05
          64   -0.462812    -0.46297 6.40804e-05
          65   -0.462213   -0.462958  6.4143e-05
          66   -0.462323   -0.462949 6.38892e-05
          67    -0.46356   -0.462958 6.35829e-05
          68   -0.463204   -0.462961 6.27507e-05
          69   -0.462873    -0.46296 6.18544e-05
          70   -0.462804   -0.462958  6.1011e-05
          71   -0.462281   -0.462948 6.08931e-05
          72   -0.463463   -0.462956 6.04656e-05
          73   -0.463093   -0.462957 5.96668e-05
          74   -0.462677   -0.462954 5.89805e-05
          75   -0.463032   -0.462955 5.82034e-05
          76   -0.462481   -0.462948   5.777e-05
          77   -0.462617   -0.462944 5.71799e-05
          78   -0.462507   -0.462939 5.67208e-05
          79   -0.462876   -0.462938 5.60083e-05
          80   -0.463494   -0.462945 5.57374e-05
          81   -0.462962   -0.462945 5.50497e-05
          82   -0.461914   -0.462932  5.5796e-05
          83   -0.463477   -0.462939 5.55088e-05
          84   -0.463506   -0.462946 5.52566e-05
          85   -0.463165   -0.462948 5.46668e-05
          86   -0.462821   -0.462947 5.40512e-05
          87    -0.46319    -0.46295 5.35021e-05
          88   -0.462635   -0.462946 5.30134e-05
          89   -0.463224   -0.462949 5.25095e-05
          90   -0.461956   -0.462938 5.30738e-05
          91   -0.463236   -0.462941 5.25912e-05
          92   -0.462382   -0.462935 5.23696e-05
          93   -0.462612   -0.462932 5.19216e-05
          94   -0.463393   -0.462937 5.16006e-05
          95   -0.463859   -0.462946 5.19631e-05
          96   -0.463266    -0.46295 5.15287e-05
          97   -0.463628   -0.462957 5.14701e-05
          98   -0.462977   -0.462957 5.09453e-05
          99   -0.463966   -0.462967 5.14412e-05
         100   -0.462402   -0.462961 5.12365e-05
