           1   -0.767333   -0.767333           0
           2     -0.7667   -0.767016 0.000223802
           3    -0.76871   -0.767581 0.000484633
           4   -0.766624   -0.767342 0.000418387
           5   -0.768447   -0.767563 0.000388737
           6   -0.768025    -0.76764 0.000331502
           7   -0.766962   -0.767543 0.000297966
           8    -0.76793   -0.767591 0.000264619
           9   -0.766871   -0.767511 0.000247029
          10   -0.767567   -0.767517  0.00022239
          11   -0.767051   -0.767475 0.000206166
          12   -0.766857   -0.767423 0.000195295
          13   -0.767032   -0.767393 0.000182573
          14   -0.766766   -0.767348 0.000174935
          15   -0.766638   -0.767301  0.00016956
          16   -0.767974   -0.767343 0.000164093
          17   -0.767623   -0.767359 0.000155264
          18    -0.76789   -0.767389 0.000149406
          19   -0.769642   -0.767507 0.000182631
          20   -0.766981   -0.767481 0.000175387
          21   -0.766188    -0.76742 0.000177521
          22   -0.766029   -0.767356 0.000180361
          23   -0.767651   -0.767369 0.000172974
          24   -0.765906   -0.767308 0.000176178
          25   -0.767644   -0.767322 0.000169641
          26   -0.766722   -0.767299 0.000164679
          27   -0.768839   -0.767356 0.000168177
          28   -0.767631   -0.767365 0.000162457
          29   -0.767966   -0.767386 0.000158169
          30    -0.76976   -0.767465 0.000171547
          31   -0.765697   -0.767408 0.000175244
          32   -0.768634   -0.767447 0.000173902
          33      -0.768   -0.767463 0.000169438
          34   -0.766695   -0.767441 0.000165953
          35   -0.767533   -0.767443 0.000161233
          36   -0.766742   -0.767424 0.000157927
          37   -0.767063   -0.767414 0.000153959
          38   -0.766977   -0.767403 0.000150337
          39   -0.768505   -0.767431 0.000149114
          40   -0.767638   -0.767436 0.000145476
          41   -0.767672   -0.767442 0.000142041
          42   -0.766429   -0.767418  0.00014069
          43   -0.768091   -0.767433 0.000138286
          44    -0.76727    -0.76743 0.000135193
          45   -0.767489   -0.767431 0.000132195
          46   -0.767712   -0.767437 0.000129463
          47   -0.769896   -0.767489 0.000136873
          48   -0.767157   -0.767482 0.000134196
          49    -0.76931    -0.76752 0.000136541
          50   -0.766486   -0.767499 0.000135367
          51   -0.767246   -0.767494 0.000132804
          52   -0.767832   -0.767501 0.000130409
          53   -0.767085   -0.767493 0.000128184
          54   -0.767629   -0.767495 0.000125835
          55   -0.768485   -0.767513 0.000124827
          56   -0.768462    -0.76753 0.000123741
          57   -0.768307   -0.767544 0.000122319
          58   -0.767796   -0.767548 0.000120288
          59   -0.767828   -0.767553 0.000118342
          60   -0.768644   -0.767571 0.000117759
          61   -0.767052   -0.767563 0.000116136
          62   -0.767226   -0.767557  0.00011439
          63   -0.767605   -0.767558 0.000112577
          64   -0.768248   -0.767569 0.000111333
          65   -0.767371   -0.767566 0.000109662
          66   -0.765933   -0.767541 0.000110754
          67   -0.768776   -0.767559 0.000110624
          68   -0.768641   -0.767575 0.000110135
          69   -0.768735   -0.767592 0.000109814
          70   -0.767348   -0.767589 0.000108301
          71   -0.766935   -0.767579 0.000107166
          72   -0.766642   -0.767566 0.000106465
          73   -0.768156   -0.767574 0.000105312
          74   -0.767324   -0.767571 0.000103944
          75   -0.767239   -0.767567 0.000102652
          76   -0.768379   -0.767577 0.000101856
          77    -0.76925   -0.767599 0.000102824
          78   -0.766704   -0.767588 0.000102143
          79   -0.767508   -0.767587 0.000100855
          80   -0.769729   -0.767613 0.000103089
          81   -0.769102   -0.767632 0.000103441
          82   -0.765581   -0.767607  0.00010516
          83   -0.766503   -0.767593 0.000104731
          84    -0.76829   -0.767602 0.000103812
          85   -0.767601   -0.767602 0.000102591
          86    -0.76745     -0.7676 0.000101413
          87   -0.767828   -0.767603 0.000100281
          88    -0.76746   -0.767601 9.91545e-05
          89   -0.766712   -0.767591 9.85419e-05
          90   -0.767359   -0.767588 9.74806e-05
          91   -0.767924   -0.767592  9.6479e-05
          92   -0.768703   -0.767604 9.61833e-05
          93   -0.765698   -0.767584 9.73089e-05
          94   -0.766968   -0.767577  9.6494e-05
          95   -0.767386   -0.767575 9.54993e-05
          96   -0.767808   -0.767577 9.45352e-05
          97   -0.766595   -0.767567 9.41019e-05
          98   -0.766881    -0.76756 9.34022e-05
          99   -0.767775   -0.767563 9.24839e-05
         100   -0.767921   -0.767566 9.16287e-05
