           1   -0.913423   -0.913423           0
           2   -0.911303   -0.912363  0.00074957
           3   -0.912163   -0.912296 0.000502692
           4   -0.910596   -0.911871 0.000526922
           5   -0.916972   -0.912891  0.00100506
           6   -0.915572   -0.913338  0.00093156
           7   -0.910812   -0.912977 0.000865544
           8   -0.915128   -0.913246 0.000798005
           9   -0.910596   -0.912952 0.000761734
          10   -0.910023   -0.912659 0.000739735
          11    -0.91354   -0.912739 0.000676813
          12   -0.913418   -0.912796 0.000622775
          13   -0.910602   -0.912627 0.000597282
          14   -0.913119   -0.912662  0.00055565
          15   -0.910835    -0.91254 0.000531793
          16     -0.9112   -0.912456  0.00050511
          17   -0.909883   -0.912305 0.000497571
          18   -0.915642    -0.91249 0.000503289
          19   -0.911948   -0.912462 0.000477608
          20   -0.913179   -0.912498  0.00045507
          21   -0.913213   -0.912532 0.000434674
          22   -0.912109   -0.912513  0.00041534
          23   -0.914428   -0.912596 0.000405543
          24   -0.916267   -0.912749 0.000416488
          25   -0.911153   -0.912685 0.000404692
          26   -0.914083   -0.912739 0.000392682
          27   -0.915094   -0.912826 0.000387704
          28   -0.914743   -0.912894 0.000379853
          29   -0.913052     -0.9129 0.000366793
          30   -0.914475   -0.912952 0.000358305
          31   -0.912576    -0.91294 0.000346952
          32   -0.913868   -0.912969  0.00033732
          33   -0.913417   -0.912983  0.00032737
          34    -0.91383   -0.913008 0.000318689
          35   -0.915074   -0.913067 0.000315005
          36   -0.911901   -0.913034 0.000307914
          37   -0.914162   -0.913065 0.000301098
          38   -0.911187   -0.913015   0.0002972
          39   -0.911062   -0.912965 0.000293772
          40   -0.914636   -0.913007  0.00028938
          41   -0.907556   -0.912874  0.00031137
          42    -0.91214   -0.912857 0.000304447
          43   -0.913207   -0.912865 0.000297475
          44   -0.911146   -0.912826 0.000293267
          45   -0.914542   -0.912864 0.000289218
          46   -0.914209   -0.912893 0.000284406
          47   -0.915762   -0.912954 0.000284828
          48   -0.914124   -0.912979 0.000279935
          49   -0.912789   -0.912975 0.000274248
          50   -0.911351   -0.912942 0.000270679
          51   -0.910672   -0.912898 0.000269006
          52   -0.910835   -0.912858 0.000266741
          53   -0.914352   -0.912886 0.000263194
          54   -0.913309   -0.912894 0.000258436
          55    -0.91288   -0.912894 0.000253738
          56   -0.915407   -0.912939 0.000253144
          57   -0.913235   -0.912944 0.000248757
          58   -0.916242   -0.913001 0.000250882
          59    -0.91106   -0.912968 0.000248778
          60   -0.913463   -0.912976 0.000244768
          61   -0.914328   -0.912998 0.000241757
          62   -0.915043   -0.913031 0.000240096
          63   -0.914308   -0.913051 0.000237139
          64   -0.911817   -0.913032 0.000234217
          65   -0.912186   -0.913019 0.000230975
          66   -0.911405   -0.912995 0.000228767
          67   -0.912885   -0.912993 0.000225358
          68   -0.909572   -0.912943 0.000227591
          69   -0.913631   -0.912953 0.000224512
          70   -0.915603   -0.912991 0.000224474
          71   -0.910071   -0.912949 0.000225047
          72   -0.910891   -0.912921  0.00022373
          73    -0.91456   -0.912943 0.000221789
          74   -0.912389   -0.912936 0.000218919
          75   -0.913216    -0.91294 0.000216032
          76   -0.910856   -0.912912 0.000214922
          77   -0.916655   -0.912961 0.000217557
          78   -0.910072   -0.912924 0.000217897
          79   -0.910633   -0.912895 0.000217059
          80   -0.915957   -0.912933 0.000217696
          81   -0.912092   -0.912923 0.000215256
          82   -0.910505   -0.912893  0.00021464
          83   -0.911962   -0.912882 0.000212347
          84    -0.91096   -0.912859 0.000211048
          85   -0.912911    -0.91286 0.000208566
          86   -0.914593    -0.91288 0.000207112
          87   -0.913653   -0.912889 0.000204922
          88   -0.908958   -0.912844 0.000207406
          89   -0.913739   -0.912854 0.000205319
          90   -0.912984   -0.912856 0.000203043
          91    -0.90876   -0.912811 0.000205739
          92   -0.915253   -0.912837 0.000205208
          93    -0.90757    -0.91278 0.000210672
          94   -0.916013   -0.912815 0.000211219
          95   -0.913908   -0.912826 0.000209308
          96   -0.913024   -0.912828 0.000207138
          97   -0.913341   -0.912834  0.00020507
          98   -0.909955   -0.912804 0.000205071
          99   -0.913753   -0.912814 0.000203223
         100    -0.91313   -0.912817 0.000201215
