           1     -0.6845     -0.6845           0
           2   -0.685827   -0.685163  0.00046916
           3   -0.686146   -0.685491  0.00041162
           4   -0.685832   -0.685576 0.000317404
           5   -0.685625   -0.685586 0.000254073
           6    -0.68529   -0.685537 0.000216465
           7   -0.685258   -0.685497 0.000189154
           8   -0.685284    -0.68547 0.000167363
           9   -0.684825   -0.685399 0.000163385
          10   -0.685497   -0.685408  0.00014734
          11   -0.684895   -0.685362 0.000141156
          12   -0.684569   -0.685296 0.000144021
          13   -0.685499   -0.685311 0.000133792
          14   -0.685531   -0.685327 0.000125149
          15   -0.684581   -0.685277 0.000126291
          16   -0.685005    -0.68526 0.000119536
          17   -0.685271   -0.685261 0.000112506
          18   -0.685965     -0.6853 0.000112857
          19   -0.685553   -0.685313 0.000107697
          20   -0.685966   -0.685346 0.000107141
          21     -0.6847   -0.685315 0.000106369
          22   -0.684897   -0.685296 0.000103217
          23    -0.68587   -0.685321 0.000101699
          24   -0.686766   -0.685381 0.000113889
          25   -0.685917   -0.685403 0.000111331
          26   -0.685794   -0.685418 0.000108062
          27   -0.685869   -0.685435 0.000105345
          28   -0.685237   -0.685427  0.00010182
          29   -0.685953   -0.685446 9.99058e-05
          30   -0.684249   -0.685406 0.000104239
          31   -0.685526    -0.68541 0.000100948
          32   -0.686162   -0.685433 0.000100493
          33   -0.685862   -0.685446  9.8286e-05
          34   -0.686075   -0.685465 9.71202e-05
          35   -0.684655   -0.685441 9.70584e-05
          36   -0.684715   -0.685421 9.64381e-05
          37    -0.68587   -0.685433 9.45924e-05
          38   -0.685775   -0.685442 9.25302e-05
          39   -0.686746   -0.685476 9.60066e-05
          40   -0.685905   -0.685487 9.42033e-05
          41    -0.68565   -0.685491 9.19903e-05
          42   -0.684165   -0.685459 9.50597e-05
          43   -0.686282   -0.685478 9.47559e-05
          44   -0.685309   -0.685474 9.26801e-05
          45   -0.684326   -0.685449 9.40672e-05
          46   -0.685173   -0.685443 9.22128e-05
          47    -0.68552   -0.685444 9.02655e-05
          48   -0.685955   -0.685455 8.90084e-05
          49   -0.685235   -0.685451 8.73047e-05
          50   -0.685067   -0.685443 8.58953e-05
          51   -0.685798    -0.68545 8.44932e-05
          52   -0.685178   -0.685445 8.30298e-05
          53   -0.686156   -0.685458 8.25423e-05
          54     -0.6842   -0.685435 8.42358e-05
          55   -0.684626    -0.68542 8.39775e-05
          56   -0.686701   -0.685443 8.55375e-05
          57   -0.684847   -0.685432 8.46739e-05
          58   -0.685446   -0.685433 8.32143e-05
          59   -0.685051   -0.685426 8.20555e-05
          60   -0.685942   -0.685435  8.1136e-05
          61   -0.684325   -0.685417 8.18191e-05
          62   -0.686249    -0.68543 8.15938e-05
          63   -0.685357   -0.685429 8.03068e-05
          64   -0.684337   -0.685412 8.08429e-05
          65   -0.686536   -0.685429 8.14287e-05
          66   -0.685846   -0.685435  8.0439e-05
          67   -0.685321   -0.685434 7.92564e-05
          68   -0.685675   -0.685437 7.81703e-05
          69   -0.685368   -0.685436 7.70438e-05
          70   -0.685952   -0.685444 7.62944e-05
          71   -0.686108   -0.685453 7.57917e-05
          72   -0.684963   -0.685446 7.50435e-05
          73   -0.684928   -0.685439 7.43509e-05
          74   -0.685383   -0.685438   7.335e-05
          75   -0.685066   -0.685433 7.25397e-05
          76   -0.683704   -0.685411 7.50688e-05
          77   -0.686254   -0.685422 7.48886e-05
          78   -0.685544   -0.685423  7.3945e-05
          79    -0.68578   -0.685428 7.31468e-05
          80   -0.685086   -0.685423 7.23569e-05
          81   -0.684868   -0.685417 7.17881e-05
          82   -0.684995   -0.685411 7.10965e-05
          83   -0.684584   -0.685401 7.09354e-05
          84   -0.685802   -0.685406 7.02514e-05
          85    -0.68512   -0.685403 6.95054e-05
          86   -0.686224   -0.685412 6.93505e-05
          87   -0.686031    -0.68542  6.8917e-05
          88   -0.684254   -0.685406  6.9394e-05
          89   -0.686475   -0.685418 6.96447e-05
          90   -0.685331   -0.685417 6.88777e-05
          91    -0.68492   -0.685412 6.83369e-05
          92   -0.686741   -0.685426 6.91049e-05
          93   -0.684959   -0.685421 6.85445e-05
          94   -0.686033   -0.685428 6.81237e-05
          95   -0.686141   -0.685435 6.78188e-05
          96   -0.684964    -0.68543 6.72902e-05
          97   -0.685807   -0.685434 6.67086e-05
          98   -0.684935   -0.685429 6.62224e-05
          99   -0.686564   -0.685441 6.65382e-05
         100   -0.685646   -0.685443 6.59044e-05
