           1 0.000183536 0.000183536           0
           2-0.000625104-0.000220784 0.000285897
           3  0.00053096 2.97973e-05 0.000279622
           4 0.000108992  4.9596e-05 0.000210416
           5    2.72e-07 3.97312e-05 0.000168564
           6-0.000204704  -1.008e-06  0.00014531
           7 -0.00123171-0.000176823 0.000204959
           8 0.000761312 -5.9556e-05 0.000210226
           9 -5.7232e-05-5.92978e-05 0.000186868
          10-0.000344304-8.77984e-05  0.00017034
          11  6.9472e-05-7.35011e-05 0.000155454
          12 0.000162224-5.38573e-05 0.000143735
          13 0.000586368-4.60923e-06 0.000140863
          14 -0.00027976-2.42629e-05 0.000132165
          15-0.000640672-6.53568e-05 0.000129586
          16 0.000133424 -5.2933e-05 0.000122081
          17 -0.00049208-7.87652e-05 0.000117601
          18 0.000237808-6.11778e-05 0.000112375
          19 -0.00014744-6.57179e-05 0.000106552
          20-0.000948832-0.000109874 0.000109994
          21 0.000191344-9.55299e-05 0.000105687
          22 0.000272416-7.88051e-05 0.000102198
          23-0.000125808-8.08487e-05 9.77749e-05
          24 0.000149344-7.12573e-05 9.41702e-05
          25-0.000384256-8.37773e-05 9.12318e-05
          26 0.000244336-7.11575e-05 8.85914e-05
          27-0.000784176-9.75656e-05 8.91594e-05
          28-0.000324192-0.000105659 8.63417e-05
          29 0.000301696-9.16127e-05 8.44993e-05
          30 0.000411808 -7.4832e-05 8.33323e-05
          31 -0.00034704-8.36129e-05 8.11054e-05
          32 0.000205072-7.45915e-05  7.9071e-05
          33 -0.00010696-7.55724e-05  7.6681e-05
          34-0.000636544-9.20715e-05   7.618e-05
          35 0.000852768-6.50761e-05 7.86412e-05
          36  -0.0002048-6.89573e-05 7.65525e-05
          37 0.000540352-5.24895e-05 7.62342e-05
          38 -5.1792e-05-5.24712e-05  7.4228e-05
          39 -3.6528e-05-5.20624e-05 7.23259e-05
          40 0.000600496-3.57484e-05 7.23342e-05
          41 -7.7056e-05-3.67559e-05  7.0577e-05
          42  -0.0006496-5.13474e-05 7.03888e-05
          43-0.000540064-6.27129e-05 6.96634e-05
          44-0.000473424-7.20473e-05 6.87026e-05
          45 0.000275888-6.43154e-05 6.76096e-05
          46-0.000880592-8.20605e-05  6.8429e-05
          47-0.000880592-9.90506e-05   6.905e-05
          48 0.000151424-9.38323e-05 6.78084e-05
          49 -7.9552e-05-9.35409e-05 6.64251e-05
          50 0.000312448-8.54211e-05  6.5591e-05
          51 0.000247584-7.88916e-05 6.46291e-05
          52 -0.00058672-8.86575e-05 6.41199e-05
          53 0.000580448-7.60329e-05 6.41409e-05
          54 0.000158064-7.16978e-05 6.30994e-05
          55-0.000869632-8.62057e-05 6.35981e-05
          56-0.000891312-0.000100583 6.40668e-05
          57 0.000551136-8.91489e-05  6.3955e-05
          58 -7.3824e-05-8.88847e-05 6.28528e-05
          59 -0.00047104-9.53619e-05 6.21204e-05
          60 0.000886272-7.90013e-05 6.32028e-05
          61 -6.1824e-05-7.87197e-05 6.21673e-05
          62  0.00122304-5.77236e-05  6.4613e-05
          63  -0.0004484-6.39248e-05 6.38842e-05
          64 -6.0608e-05 -6.3873e-05 6.28861e-05
          65 0.000341344-5.76389e-05 6.22268e-05
          66 0.000645536-4.69847e-05 6.21894e-05
          67-0.000105152-4.78529e-05 6.12672e-05
          68 -8.0976e-05  -4.834e-05 6.03682e-05
          69-0.000125888-4.94639e-05 5.95038e-05
          70-0.000436608-5.49945e-05 5.89102e-05
          71  0.00070976-4.42233e-05 5.90569e-05
          72 0.000569488-3.56996e-05 5.88486e-05
          73 -6.4416e-05-3.60929e-05 5.80438e-05
          74 0.000533184   -2.84e-05  5.7767e-05
          75-0.000979872-4.10863e-05 5.83731e-05
          76 0.000367712-3.57074e-05 5.78524e-05
          77 0.000442464-2.94974e-05 5.74334e-05
          78   3.224e-05-2.87058e-05 5.67025e-05
          79-0.000352352-3.28026e-05 5.61325e-05
          80 0.000185968 -3.0068e-05 5.54975e-05
          81-0.000432944-3.50418e-05 5.50347e-05
          82 -0.00038824-3.93491e-05 5.45319e-05
          83  0.00122405-2.41274e-05  5.5959e-05
          84 0.000367392-1.94665e-05 5.54866e-05
          85-0.000204176-2.16395e-05 5.48763e-05
          86-0.000155456-2.31955e-05 5.42603e-05
          87 -4.7152e-05-2.34709e-05 5.36373e-05
          88 0.000676928-1.55118e-05 5.36151e-05
          89-0.000367392-1.94655e-05 5.31582e-05
          90 0.000510624-1.35756e-05 5.28929e-05
          91 0.000223552-1.09698e-05 5.23758e-05
          92  -7.064e-05-1.16184e-05 5.18105e-05
          93   0.0010399-3.11742e-07 5.24726e-05
          94 0.000544768 5.48698e-06 5.22338e-05
          95-0.000387952 1.34552e-06 5.18479e-05
          96-0.000148416  -2.145e-07 5.13313e-05
          97 -7.6064e-05-9.96454e-07 5.08081e-05
          98 0.000188608 9.38286e-07 5.03264e-05
          99 0.000253632 3.49075e-06 4.98828e-05
         100 0.000476432 8.22016e-06 4.96076e-05
