           1   -0.686523   -0.686523           0
           2   -0.685663   -0.686093 0.000304226
           3   -0.686548   -0.686245 0.000237627
           4   -0.685879   -0.686153 0.000195054
           5   -0.686103   -0.686143 0.000156298
           6   -0.685635   -0.686059 0.000151491
           7   -0.683754   -0.685729 0.000331304
           8   -0.685426   -0.685691 0.000292054
           9   -0.686628   -0.685795  0.00027754
          10   -0.685631   -0.685779 0.000250272
          11   -0.685044   -0.685712 0.000236262
          12   -0.685285   -0.685677 0.000219243
          13   -0.684516   -0.685587 0.000219811
          14   -0.684524   -0.685511 0.000216826
          15   -0.684579   -0.685449 0.000211101
          16   -0.686253   -0.685499 0.000203799
          17   -0.684927   -0.685466 0.000194574
          18   -0.684609   -0.685418 0.000189504
          19   -0.686468   -0.685473 0.000187415
          20   -0.686376   -0.685519 0.000183402
          21   -0.683478   -0.685421 0.000198748
          22   -0.684909   -0.685398 0.000191073
          23   -0.684309   -0.685351 0.000188538
          24   -0.684752   -0.685326 0.000182326
          25   -0.684975   -0.685312 0.000175571
          26   -0.683856   -0.685256 0.000177524
          27   -0.687235   -0.685329 0.000185473
          28   -0.685614   -0.685339 0.000179128
          29   -0.684619   -0.685314 0.000174663
          30   -0.685519   -0.685321 0.000168975
          31   -0.684734   -0.685302 0.000164584
          32   -0.685398   -0.685305 0.000159468
          33   -0.685389   -0.685308 0.000154655
          34   -0.685127   -0.685303 0.000150198
          35   -0.684852    -0.68529 0.000146458
          36   -0.685067   -0.685283 0.000142521
          37   -0.685353   -0.685285 0.000138681
          38    -0.68525   -0.685284 0.000135035
          39   -0.685306   -0.685285 0.000131573
          40   -0.685366   -0.685287   0.0001283
          41   -0.685497   -0.685292 0.000125273
          42   -0.684894   -0.685283 0.000122648
          43   -0.685546   -0.685289 0.000119949
          44   -0.686258   -0.685311 0.000119229
          45   -0.685475   -0.685314 0.000116636
          46    -0.68596   -0.685328 0.000114942
          47   -0.686355    -0.68535 0.000114552
          48   -0.686505   -0.685374 0.000114663
          49   -0.686167   -0.685391 0.000113458
          50   -0.685159   -0.685386 0.000111283
          51   -0.685922   -0.685396 0.000109596
          52   -0.685071    -0.68539 0.000107667
          53    -0.68594   -0.685401 0.000106134
          54   -0.685837   -0.685409 0.000104476
          55   -0.685293   -0.685407 0.000102598
          56   -0.685708   -0.685412 0.000100907
          57   -0.685633   -0.685416 9.92111e-05
          58   -0.685741   -0.685421 9.76587e-05
          59   -0.685891   -0.685429  9.6328e-05
          60   -0.686414   -0.685446 9.61089e-05
          61   -0.685407   -0.685445 9.45355e-05
          62   -0.686117   -0.685456 9.36301e-05
          63   -0.684486   -0.685441  9.3401e-05
          64   -0.685389    -0.68544  9.1945e-05
          65   -0.685952   -0.685448 9.08672e-05
          66   -0.685124   -0.685443 8.96226e-05
          67   -0.686019   -0.685451 8.86966e-05
          68   -0.686323   -0.685464 8.83138e-05
          69   -0.684935   -0.685456 8.73665e-05
          70   -0.684828   -0.685447  8.6579e-05
          71   -0.684394   -0.685433  8.6621e-05
          72   -0.686332   -0.685445 8.63134e-05
          73   -0.686093   -0.685454 8.55863e-05
          74   -0.685145    -0.68545 8.45317e-05
          75   -0.685114   -0.685445 8.35233e-05
          76   -0.686969   -0.685465 8.47946e-05
          77   -0.685494   -0.685466 8.36942e-05
          78    -0.68471   -0.685456 8.31804e-05
          79   -0.685562   -0.685457 8.21382e-05
          80   -0.685664    -0.68546 8.11522e-05
          81   -0.686173   -0.685469 8.06256e-05
          82   -0.684851   -0.685461 7.99937e-05
          83   -0.684816   -0.685453 7.94073e-05
          84   -0.685765   -0.685457 7.85486e-05
          85   -0.685239   -0.685455 7.76666e-05
          86   -0.685361   -0.685454 7.67711e-05
          87   -0.686114   -0.685461 7.62626e-05
          88   -0.684534   -0.685451 7.61206e-05
          89    -0.68569   -0.685453 7.53128e-05
          90   -0.684866   -0.685447 7.47583e-05
          91   -0.684631   -0.685438 7.44722e-05
          92    -0.68496   -0.685433 7.38437e-05
          93   -0.684881   -0.685427 7.32876e-05
          94   -0.685384   -0.685426 7.25093e-05
          95   -0.686116   -0.685433 7.21091e-05
          96   -0.686632   -0.685446 7.24299e-05
          97   -0.686272   -0.685454 7.21821e-05
          98   -0.686383   -0.685464 7.20646e-05
          99   -0.686249   -0.685472 7.17718e-05
         100   -0.684394   -0.685461 7.18583e-05
