           1   -0.530683   -0.530683           0
           2   -0.529231   -0.529957 0.000513456
           3   -0.529571   -0.529829 0.000358032
           4   -0.530807   -0.530073 0.000342005
           5   -0.529377   -0.529934 0.000300623
           6   -0.528326   -0.529666 0.000350174
           7    -0.52957   -0.529652 0.000300414
           8   -0.530496   -0.529758 0.000280763
           9   -0.530552   -0.529846 0.000263083
          10   -0.529033   -0.529765 0.000249016
          11   -0.530932   -0.529871 0.000247953
          12   -0.529877   -0.529871  0.00022729
          13   -0.529869   -0.529871 0.000209807
          14   -0.530872   -0.529943 0.000206645
          15   -0.529283   -0.529899 0.000197491
          16   -0.530871   -0.529959 0.000194279
          17   -0.529818   -0.529951  0.00018303
          18    -0.53049   -0.529981 0.000175292
          19    -0.52897   -0.529928 0.000173952
          20   -0.530373    -0.52995 0.000166674
          21   -0.530198   -0.529962 0.000159156
          22   -0.528929   -0.529915  0.00015869
          23   -0.530118   -0.529924 0.000152036
          24     -0.5305   -0.529948 0.000147587
          25   -0.529141   -0.529916 0.000145169
          26   -0.529656   -0.529906 0.000139929
          27    -0.52944   -0.529888 0.000135804
          28    -0.52927   -0.529866 0.000132735
          29   -0.529909   -0.529868 0.000128166
          30   -0.530285   -0.529882 0.000124646
          31   -0.530657   -0.529907 0.000123111
          32   -0.530032   -0.529911 0.000119326
          33   -0.529464   -0.529897 0.000116476
          34   -0.530574   -0.529917 0.000114741
          35   -0.530186   -0.529925 0.000111719
          36   -0.529442   -0.529911 0.000109418
          37   -0.529477   -0.529899 0.000107088
          38   -0.530515   -0.529916 0.000105486
          39   -0.530337   -0.529926 0.000103334
          40    -0.52995   -0.529927 0.000100753
          41    -0.52953   -0.529917 9.87585e-05
          42   -0.529041   -0.529897 9.85872e-05
          43   -0.529782   -0.529894 9.63306e-05
          44   -0.530482   -0.529907 9.50633e-05
          45   -0.528982   -0.529887  9.5149e-05
          46   -0.529983   -0.529889 9.31034e-05
          47   -0.529014    -0.52987 9.29634e-05
          48   -0.529424   -0.529861 9.14905e-05
          49   -0.529223   -0.529848 9.05438e-05
          50   -0.529625   -0.529843 8.88428e-05
          51   -0.530587   -0.529858 8.82891e-05
          52     -0.5306   -0.529872 8.77358e-05
          53   -0.530543   -0.529885 8.69882e-05
          54   -0.529954   -0.529886 8.53866e-05
          55   -0.529556    -0.52988 8.40452e-05
          56   -0.528948   -0.529863 8.41774e-05
          57   -0.528235   -0.529835 8.74163e-05
          58   -0.529975   -0.529837 8.59427e-05
          59   -0.530006    -0.52984 8.45334e-05
          60   -0.529294   -0.529831 8.36137e-05
          61   -0.529162    -0.52982 8.29583e-05
          62   -0.530706   -0.529834 8.28414e-05
          63   -0.530426   -0.529844 8.20571e-05
          64   -0.529909   -0.529845 8.07812e-05
          65   -0.528714   -0.529827 8.13886e-05
          66   -0.528897   -0.529813 8.13681e-05
          67   -0.529317   -0.529806 8.04905e-05
          68      -0.529   -0.529794 8.01751e-05
          69   -0.530724   -0.529808 8.01384e-05
          70   -0.530417   -0.529816  7.9465e-05
          71   -0.530284   -0.529823 7.86189e-05
          72   -0.530617   -0.529834 7.82962e-05
          73   -0.529581    -0.52983 7.73004e-05
          74    -0.52968   -0.529828 7.62824e-05
          75    -0.52961   -0.529825  7.5321e-05
          76   -0.529149   -0.529817 7.48539e-05
          77   -0.531199   -0.529835 7.60059e-05
          78   -0.529198   -0.529826 7.54681e-05
          79   -0.529982   -0.529828 7.45385e-05
          80   -0.529348   -0.529822 7.38482e-05
          81   -0.530006   -0.529825 7.29713e-05
          82   -0.530031   -0.529827 7.21247e-05
          83   -0.529215    -0.52982 7.16314e-05
          84   -0.530283   -0.529825 7.09908e-05
          85   -0.530111   -0.529829 7.02351e-05
          86   -0.529699   -0.529827 6.94344e-05
          87    -0.52887   -0.529816 6.95017e-05
          88   -0.529568   -0.529813 6.87689e-05
          89   -0.530214   -0.529818 6.81435e-05
          90   -0.529306   -0.529812 6.76231e-05
          91   -0.530247   -0.529817 6.70486e-05
          92   -0.529935   -0.529818 6.63321e-05
          93   -0.529548   -0.529815 6.56823e-05
          94   -0.530402   -0.529822 6.52799e-05
          95   -0.530547   -0.529829  6.5038e-05
          96   -0.529211   -0.529823 6.46786e-05
          97   -0.529409   -0.529818 6.41522e-05
          98   -0.529691   -0.529817 6.35108e-05
          99   -0.529283   -0.529812 6.30979e-05
         100   -0.529203   -0.529806 6.27599e-05
