           1   -0.584522   -0.584522           0
           2   -0.584376   -0.584449 5.18451e-05
           3   -0.583708   -0.584202 0.000204531
           4   -0.584036   -0.584161 0.000157541
           5   -0.584853   -0.584299 0.000176697
           6   -0.584366    -0.58431 0.000147602
           7   -0.583467    -0.58419  0.00016865
           8   -0.583992   -0.584165 0.000149377
           9   -0.584871   -0.584244 0.000151981
          10   -0.585134   -0.584333 0.000160782
          11   -0.585138   -0.584406 0.000161987
          12   -0.584147   -0.584384 0.000149913
          13   -0.585003   -0.584432 0.000145737
          14   -0.583593   -0.584372 0.000147134
          15   -0.583046   -0.584284 0.000161721
          16   -0.584859    -0.58432 0.000155557
          17   -0.583538   -0.584274 0.000153043
          18   -0.583907   -0.584253 0.000145886
          19   -0.585075   -0.584296 0.000144476
          20   -0.584784   -0.584321 0.000139292
          21    -0.58433   -0.584321  0.00013266
          22   -0.583402   -0.584279 0.000133047
          23   -0.584309   -0.584281 0.000127269
          24   -0.584924   -0.584308 0.000124755
          25   -0.583844   -0.584289 0.000121137
          26   -0.583759   -0.584269 0.000118181
          27   -0.586351   -0.584346 0.000136666
          28   -0.583773   -0.584325 0.000133305
          29   -0.584836   -0.584343 0.000129867
          30   -0.585179   -0.584371 0.000128496
          31   -0.585077   -0.584394 0.000126353
          32   -0.583525   -0.584366 0.000125287
          33    -0.58451   -0.584371 0.000121566
          34   -0.583337    -0.58434 0.000121734
          35   -0.583575   -0.584318 0.000120201
          36   -0.583823   -0.584305 0.000117647
          37   -0.583616   -0.584286 0.000115929
          38   -0.584467   -0.584291 0.000112977
          39   -0.585151   -0.584313 0.000112212
          40   -0.584162   -0.584309 0.000109471
          41   -0.583987   -0.584301 0.000107082
          42   -0.583836    -0.58429 0.000105104
          43   -0.584645   -0.584299 0.000102983
          44   -0.584139   -0.584295 0.000100707
          45   -0.584629   -0.584302 9.87424e-05
          46   -0.585035   -0.584318 9.78729e-05
          47   -0.585128   -0.584335  9.7296e-05
          48     -0.5845   -0.584339 9.53292e-05
          49   -0.584629   -0.584345 9.35667e-05
          50   -0.584507   -0.584348 9.17519e-05
          51   -0.583729   -0.584336 9.07515e-05
          52   -0.584434   -0.584338 8.90261e-05
          53   -0.585205   -0.584354 8.88365e-05
          54   -0.584315   -0.584353 8.71943e-05
          55   -0.584454   -0.584355 8.56279e-05
          56   -0.583913   -0.584347 8.44621e-05
          57   -0.584178   -0.584344 8.30326e-05
          58   -0.585705   -0.584368 8.48505e-05
          59   -0.584672   -0.584373 8.35691e-05
          60   -0.584804    -0.58438  8.2484e-05
          61   -0.585142   -0.584393 8.20728e-05
          62    -0.58476   -0.584399  8.0962e-05
          63   -0.584487     -0.5844 7.96891e-05
          64   -0.583746    -0.58439 7.90961e-05
          65   -0.584624   -0.584393 7.79615e-05
          66   -0.583909   -0.584386 7.71253e-05
          67   -0.585741   -0.584406 7.85797e-05
          68   -0.583748   -0.584397 7.80185e-05
          69    -0.58472   -0.584401  7.7028e-05
          70   -0.584213   -0.584399 7.59743e-05
          71    -0.58376    -0.58439 7.54344e-05
          72   -0.585351   -0.584403 7.55589e-05
          73   -0.583977   -0.584397 7.47492e-05
          74   -0.585042   -0.584406 7.42457e-05
          75   -0.584848   -0.584412 7.34894e-05
          76   -0.585397   -0.584425 7.36576e-05
          77   -0.584354   -0.584424 7.27068e-05
          78   -0.584538   -0.584425 7.17893e-05
          79   -0.583801   -0.584417 7.13143e-05
          80   -0.585506   -0.584431 7.17091e-05
          81    -0.58413   -0.584427 7.09197e-05
          82   -0.583473   -0.584416  7.1003e-05
          83   -0.584695   -0.584419 7.02273e-05
          84   -0.585053   -0.584427 6.97955e-05
          85   -0.583943   -0.584421 6.92058e-05
          86   -0.585417   -0.584432 6.93641e-05
          87   -0.584781   -0.584436 6.86822e-05
          88   -0.583985   -0.584431  6.8093e-05
          89   -0.584932   -0.584437 6.75599e-05
          90    -0.58415   -0.584434 6.68845e-05
          91    -0.58406    -0.58443 6.62752e-05
          92   -0.584105   -0.584426 6.56487e-05
          93   -0.584756    -0.58443 6.50385e-05
          94   -0.584106   -0.584426 6.44377e-05
          95   -0.584311   -0.584425 6.37709e-05
          96   -0.584619   -0.584427 6.31387e-05
          97   -0.584851   -0.584431 6.26387e-05
          98   -0.584712   -0.584434 6.20647e-05
          99   -0.585659   -0.584447 6.26585e-05
         100   -0.583916   -0.584441 6.22565e-05
