           1   -0.529944   -0.529944           0
           2   -0.529264   -0.529604 0.000240425
           3   -0.529384   -0.529531 0.000171093
           4   -0.529343   -0.529484 0.000134634
           5   -0.530228   -0.529633 0.000171285
           6   -0.529671   -0.529639 0.000142857
           7   -0.528831   -0.529524  0.00016252
           8   -0.529461   -0.529516 0.000142394
           9   -0.529963   -0.529566 0.000134959
          10   -0.530254   -0.529634 0.000137907
          11    -0.52987   -0.529656 0.000127018
          12   -0.529728   -0.529662 0.000116574
          13   -0.531126   -0.529775 0.000152623
          14   -0.530159   -0.529802 0.000144175
          15   -0.528208   -0.529696 0.000169238
          16    -0.53054   -0.529749 0.000166682
          17   -0.529448   -0.529731 0.000157811
          18   -0.530241   -0.529759 0.000151569
          19   -0.530456   -0.529796  0.00014796
          20   -0.530976   -0.529855  0.00015188
          21   -0.529636   -0.529844 0.000145004
          22   -0.528736   -0.529794 0.000146912
          23   -0.529734   -0.529791 0.000140548
          24   -0.530532   -0.529822 0.000138039
          25    -0.52894   -0.529787 0.000136953
          26   -0.528483   -0.529737 0.000140567
          27   -0.531928   -0.529818 0.000157041
          28   -0.529301     -0.5298 0.000152514
          29   -0.530945   -0.529839 0.000152284
          30     -0.5311   -0.529881   0.0001529
          31   -0.530381   -0.529897 0.000148815
          32   -0.528997   -0.529869 0.000146797
          33   -0.530136   -0.529877 0.000142571
          34    -0.52856   -0.529838 0.000143547
          35    -0.52967   -0.529834 0.000139526
          36   -0.529914   -0.529836 0.000135669
          37   -0.529522   -0.529827 0.000132266
          38   -0.529456   -0.529818 0.000129145
          39   -0.529851   -0.529818 0.000125837
          40   -0.529721   -0.529816 0.000122714
          41   -0.529439   -0.529807 0.000120066
          42   -0.529499     -0.5298 0.000117431
          43   -0.530586   -0.529818 0.000116117
          44   -0.529842   -0.529818 0.000113479
          45    -0.52991    -0.52982 0.000110976
          46   -0.530122   -0.529827 0.000108757
          47   -0.530312   -0.529837 0.000106932
          48   -0.530125   -0.529843 0.000104873
          49   -0.530448   -0.529856 0.000103456
          50   -0.530405   -0.529867 0.000101969
          51   -0.529575   -0.529861  0.00010013
          52   -0.529479   -0.529854 9.84724e-05
          53   -0.530385   -0.529864 9.71235e-05
          54   -0.530202    -0.52987  9.5527e-05
          55   -0.529459   -0.529862 9.40818e-05
          56   -0.529943   -0.529864 9.24129e-05
          57   -0.529202   -0.529852 9.15182e-05
          58   -0.530626   -0.529866 9.09086e-05
          59   -0.529734   -0.529863 8.93952e-05
          60   -0.530157   -0.529868 8.80396e-05
          61     -0.5304   -0.529877  8.7027e-05
          62   -0.530352   -0.529885 8.59606e-05
          63     -0.5298   -0.529883 8.46067e-05
          64   -0.529258   -0.529874 8.38471e-05
          65   -0.530242   -0.529879 8.27482e-05
          66   -0.529232   -0.529869 8.20741e-05
          67   -0.531103   -0.529888 8.28875e-05
          68   -0.529316   -0.529879 8.20944e-05
          69   -0.529875   -0.529879 8.09047e-05
          70   -0.529712   -0.529877  7.9784e-05
          71   -0.529333   -0.529869 7.90278e-05
          72   -0.529912    -0.52987 7.79325e-05
          73   -0.529441   -0.529864 7.70865e-05
          74   -0.529696   -0.529862  7.6078e-05
          75    -0.52995   -0.529863 7.50727e-05
          76   -0.529576   -0.529859 7.41795e-05
          77   -0.530124   -0.529863 7.32959e-05
          78    -0.52985   -0.529862 7.23564e-05
          79   -0.529231   -0.529854  7.1881e-05
          80   -0.530797   -0.529866 7.19407e-05
          81    -0.52959   -0.529863 7.11332e-05
          82   -0.528829    -0.52985 7.13735e-05
          83   -0.530088   -0.529853 7.05712e-05
          84   -0.530495   -0.529861  7.0144e-05
          85   -0.529362   -0.529855 6.95641e-05
          86   -0.529919   -0.529856 6.87592e-05
          87   -0.530808   -0.529866 6.88342e-05
          88    -0.52916   -0.529858 6.85182e-05
          89   -0.530343   -0.529864 6.79642e-05
          90   -0.529187   -0.529856 6.76246e-05
          91   -0.530003   -0.529858 6.69006e-05
          92   -0.529351   -0.529852    6.64e-05
          93   -0.530083   -0.529855 6.57321e-05
          94    -0.53064   -0.529863  6.5561e-05
          95   -0.530423   -0.529869 6.51346e-05
          96   -0.530227   -0.529873  6.4563e-05
          97   -0.530426   -0.529879 6.41483e-05
          98    -0.52956   -0.529875 6.35762e-05
          99   -0.530815   -0.529885 6.36379e-05
         100   -0.528918   -0.529875 6.37316e-05
