           1      -1.003      -1.003           0
           2    -1.00298    -1.00299 6.50539e-06
           3    -1.00349    -1.00316 0.000136056
           4    -1.00056    -1.00251  0.00057298
           5    -1.00427    -1.00286 0.000556046
           6    -1.00368      -1.003 0.000479721
           7    -1.00219    -1.00288 0.000424708
           8    -1.00408    -1.00303 0.000397302
           9    -1.00291    -1.00302 0.000353388
          10    -1.00503    -1.00322 0.000370701
          11    -1.00224    -1.00313 0.000347516
          12    -1.00317    -1.00313  0.00031857
          13   -0.999682    -1.00287 0.000389303
          14    -1.00464    -1.00299 0.000381501
          15    -1.00211    -1.00294 0.000360646
          16    -1.00345    -1.00297 0.000339516
          17    -1.00068    -1.00283 0.000345159
          18    -1.00578      -1.003 0.000362774
          19    -1.00685     -1.0032 0.000396237
          20    -1.00392    -1.00324 0.000378082
          21    -1.00356    -1.00325 0.000360391
          22   -0.997143    -1.00297 0.000438083
          23    -1.00423    -1.00303 0.000422431
          24    -1.00109    -1.00295  0.00041248
          25    -1.00303    -1.00295 0.000395995
          26    -1.00262    -1.00294 0.000380967
          27    -1.00477    -1.00301 0.000372826
          28    -1.00197    -1.00297 0.000361351
          29    -1.00611    -1.00308  0.00036476
          30    -1.00368     -1.0031 0.000353153
          31    -1.00354    -1.00311 0.000342052
          32    -1.00487    -1.00317 0.000335757
          33    -1.00375    -1.00318 0.000326046
          34     -1.0043    -1.00322 0.000318119
          35    -1.00297    -1.00321 0.000309108
          36    -1.00349    -1.00322 0.000300617
          37    -1.00487    -1.00326 0.000295788
          38    -1.00305    -1.00326 0.000288056
          39    -1.00506     -1.0033 0.000284346
          40    -1.00126    -1.00325 0.000281798
          41     -1.0041    -1.00327 0.000275691
          42    -1.00126    -1.00322 0.000273242
          43    -1.00254    -1.00321 0.000267348
          44    -1.00467    -1.00324 0.000263337
          45    -1.00338    -1.00325 0.000257503
          46    -1.00352    -1.00325 0.000251975
          47    -1.00247    -1.00323 0.000247166
          48    -1.00806    -1.00333 0.000261629
          49    -1.00733    -1.00342 0.000268703
          50    -1.00543    -1.00346 0.000266326
          51    -1.00051     -1.0034 0.000267305
          52    -1.00564    -1.00344  0.00026562
          53    -1.00459    -1.00346 0.000261493
          54    -1.00277    -1.00345 0.000256964
          55    -1.00622     -1.0035 0.000257193
          56   -0.998558    -1.00341 0.000267321
          57    -1.00334    -1.00341 0.000262634
          58    -1.00499    -1.00344 0.000259512
          59    -1.00314    -1.00343 0.000255162
          60    -1.00729     -1.0035 0.000258892
          61    -1.00278    -1.00349 0.000254912
          62    -1.00579    -1.00352 0.000253501
          63    -1.00473    -1.00354   0.0002502
          64     -1.0065    -1.00359 0.000250511
          65    -1.00079    -1.00355 0.000250327
          66    -1.00337    -1.00354 0.000246548
          67    -1.00184    -1.00352 0.000244175
          68    -1.00209     -1.0035 0.000241484
          69    -1.00187    -1.00347 0.000239139
          70    -1.00567     -1.0035 0.000237773
          71    -1.00427    -1.00352 0.000234671
          72    -1.00494    -1.00354 0.000232244
          73     -1.0046    -1.00355 0.000229518
          74    -1.00311    -1.00354 0.000226494
          75    -1.00183    -1.00352 0.000224625
          76    -1.00311    -1.00352 0.000221735
          77    -1.00603    -1.00355 0.000221242
          78    -1.00314    -1.00354 0.000218467
          79     -1.0036    -1.00354 0.000215703
          80    -1.00487    -1.00356  0.00021364
          81    -1.00605    -1.00359 0.000213206
          82    -1.00755    -1.00364 0.000215994
          83    -1.00591    -1.00367 0.000215124
          84    -1.00226    -1.00365 0.000213214
          85     -1.0053    -1.00367 0.000211584
          86    -1.00245    -1.00366 0.000209601
          87    -1.00433    -1.00366 0.000207334
          88    -1.00238    -1.00365 0.000205489
          89    -1.00574    -1.00367 0.000204515
          90    -1.00095    -1.00364 0.000204468
          91   -0.999682     -1.0036   0.0002068
          92    -1.00455    -1.00361  0.00020481
          93    -1.00151    -1.00359 0.000203846
          94    -1.00272    -1.00358 0.000201887
          95     -1.0068    -1.00361 0.000202596
          96    -1.00503    -1.00363 0.000201021
          97    -1.00135     -1.0036 0.000200312
          98    -1.00436    -1.00361 0.000198418
          99    -1.00239     -1.0036 0.000196795
         100    -1.00346     -1.0036 0.000194832
