           1       -1.02       -1.02           0
           2       -1.02       -1.02           0
           3       -1.02       -1.02           0
           4       -1.02       -1.02           0
           5       -1.02       -1.02           0
           6       -1.02       -1.02 6.08337e-09
           7       -1.02       -1.02 5.63211e-09
           8       -1.02       -1.02 5.26836e-09
           9       -1.02       -1.02 4.96705e-09
          10       -1.02       -1.02   6.664e-09
          11       -1.02       -1.02 6.35388e-09
          12       -1.02       -1.02 6.08337e-09
          13       -1.02       -1.02 5.84472e-09
          14       -1.02       -1.02 5.63211e-09
          15       -1.02       -1.02 5.44113e-09
          16       -1.02       -1.02 5.26836e-09
          17       -1.02       -1.02 5.11106e-09
          18       -1.02       -1.02 6.08337e-09
          19       -1.02       -1.02 5.92112e-09
          20       -1.02       -1.02 5.77119e-09
          21       -1.02       -1.02 5.63211e-09
          22       -1.02       -1.02 7.78188e-09
          23       -1.02       -1.02 7.61083e-09
          24       -1.02       -1.02 7.45058e-09
          25       -1.02       -1.02 7.30005e-09
          26       -1.02       -1.02 7.15829e-09
          27       -1.02       -1.02 7.02447e-09
          28       -1.02       -1.02 7.45058e-09
          29       -1.02       -1.02   7.321e-09
          30       -1.02       -1.02 7.19794e-09
          31       -1.02       -1.02 6.55564e-09
          32       -1.02       -1.02 6.45239e-09
          33       -1.02       -1.02 6.35388e-09
          34       -1.02       -1.02  4.4263e-09
          35       -1.02       -1.02 4.36261e-09
          36       -1.02       -1.02 2.48353e-09
          37       -1.02       -1.02           0
          38       -1.02       -1.02           0
          39       -1.02       -1.02         nan
          40       -1.02       -1.02         nan
          41       -1.02       -1.02         nan
          42       -1.02       -1.02         nan
          43       -1.02       -1.02         nan
          44       -1.02       -1.02         nan
          45       -1.02       -1.02         nan
          46       -1.02       -1.02         nan
          47       -1.02       -1.02         nan
          48       -1.02       -1.02         nan
          49       -1.02       -1.02         nan
          50       -1.02       -1.02         nan
          51       -1.02       -1.02         nan
          52       -1.02       -1.02         nan
          53       -1.02       -1.02         nan
          54       -1.02       -1.02         nan
          55       -1.02       -1.02         nan
          56       -1.02       -1.02         nan
          57       -1.02       -1.02         nan
          58       -1.02       -1.02         nan
          59       -1.02       -1.02         nan
          60       -1.02       -1.02         nan
          61       -1.02       -1.02         nan
          62       -1.02       -1.02         nan
          63       -1.02       -1.02         nan
          64       -1.02       -1.02         nan
          65       -1.02       -1.02         nan
          66       -1.02       -1.02         nan
          67       -1.02       -1.02         nan
          68       -1.02       -1.02         nan
          69       -1.02       -1.02         nan
          70       -1.02       -1.02         nan
          71       -1.02       -1.02         nan
          72       -1.02       -1.02         nan
          73       -1.02       -1.02         nan
          74       -1.02       -1.02         nan
          75       -1.02       -1.02         nan
          76       -1.02       -1.02         nan
          77       -1.02       -1.02         nan
          78       -1.02       -1.02         nan
          79       -1.02       -1.02 2.37095e-09
          80       -1.02       -1.02 2.35608e-09
          81       -1.02       -1.02 2.34149e-09
          82       -1.02       -1.02 2.32717e-09
          83       -1.02       -1.02 2.83297e-09
          84       -1.02       -1.02 3.63551e-09
          85       -1.02       -1.02 3.61406e-09
          86       -1.02       -1.02 3.59299e-09
          87       -1.02       -1.02 3.91324e-09
          88       -1.02       -1.02 4.49287e-09
          89       -1.02       -1.02 4.46756e-09
          90       -1.02       -1.02 4.44267e-09
          91       -1.02       -1.02 4.41819e-09
          92       -1.02       -1.02 4.66066e-09
          93       -1.02       -1.02 4.63554e-09
          94       -1.02       -1.02 5.09744e-09
          95       -1.02       -1.02 5.07055e-09
          96       -1.02       -1.02 5.04407e-09
          97       -1.02       -1.02 5.24113e-09
          98       -1.02       -1.02 5.21432e-09
          99       -1.02       -1.02 5.18792e-09
         100       -1.02       -1.02  5.5755e-09
