           1    -1.00139    -1.00139           0
           2    -1.00284    -1.00212  0.00051375
           3     -1.0037    -1.00264 0.000550462
           4    -1.00573    -1.00342 0.000785728
           5    -1.00461    -1.00365 0.000663661
           6    -1.00241    -1.00345 0.000584651
           7    -1.00422    -1.00356 0.000511521
           8     -1.0034    -1.00354 0.000447943
           9    -1.00449    -1.00364  0.00041043
          10      -1.003    -1.00358 0.000374436
          11    -1.00314    -1.00354 0.000342529
          12    -1.00462    -1.00363 0.000325663
          13    -1.00377    -1.00364 0.000300795
          14    -1.00452     -1.0037 0.000285755
          15    -1.00432    -1.00374 0.000269702
          16    -1.00333    -1.00372 0.000254064
          17     -1.0034     -1.0037 0.000239825
          18     -1.0055     -1.0038 0.000246385
          19    -1.00623    -1.00393 0.000264446
          20    -1.00141     -1.0038 0.000279469
          21    -1.00612    -1.00391 0.000287217
          22    -1.00229    -1.00384 0.000283505
          23      -1.004    -1.00384 0.000271267
          24    -1.00393    -1.00385 0.000259988
          25    -1.00374    -1.00384 0.000249623
          26    -1.00568    -1.00392 0.000249839
          27    -1.00545    -1.00397 0.000246954
          28    -1.00101    -1.00387 0.000259833
          29    -1.00406    -1.00387  0.00025096
          30    -1.00364    -1.00387 0.000242711
          31    -1.00288    -1.00383 0.000236965
          32    -1.00285     -1.0038 0.000231544
          33    -1.00461    -1.00383 0.000225827
          34    -1.00245    -1.00379 0.000222804
          35    -1.00431     -1.0038 0.000216944
          36    -1.00324    -1.00379 0.000211485
          37    -1.00358    -1.00378 0.000205841
          38    -1.00345    -1.00377 0.000200613
          39    -1.00111     -1.0037 0.000206763
          40    -1.00435    -1.00372 0.000202216
          41    -1.00312     -1.0037  0.00019781
          42    -1.00372     -1.0037 0.000193101
          43    -1.00168    -1.00366 0.000194272
          44    -1.00315    -1.00365 0.000190193
          45    -1.00369    -1.00365 0.000185969
          46     -1.0043    -1.00366 0.000182461
          47     -1.0049    -1.00369 0.000180486
          48    -1.00298    -1.00367 0.000177323
          49    -1.00253    -1.00365 0.000175236
          50    -1.00336    -1.00364 0.000171829
          51    -1.00411    -1.00365 0.000168707
          52    -1.00675    -1.00371 0.000175663
          53    -1.00189    -1.00368 0.000175666
          54    -1.00499     -1.0037 0.000174089
          55    -1.00458    -1.00372 0.000171657
          56    -1.00388    -1.00372 0.000168615
          57    -1.00386    -1.00372 0.000165674
          58    -1.00227     -1.0037 0.000164693
          59    -1.00537    -1.00373 0.000164315
          60    -1.00499    -1.00375 0.000162921
          61    -1.00185    -1.00372 0.000163185
          62    -1.00231    -1.00369 0.000162131
          63    -1.00363    -1.00369 0.000159561
          64    -1.00596    -1.00373 0.000160953
          65     -1.0016     -1.0037 0.000161774
          66    -1.00307    -1.00369 0.000159599
          67    -1.00495    -1.00371 0.000158323
          68     -1.0041    -1.00371 0.000156103
          69    -1.00444    -1.00372 0.000154198
          70    -1.00214     -1.0037 0.000153651
          71    -1.00125    -1.00366 0.000155307
          72    -1.00313    -1.00366 0.000153325
          73    -1.00328    -1.00365 0.000151312
          74    -1.00441    -1.00366 0.000149615
          75    -1.00441    -1.00367 0.000147955
          76    -1.00629    -1.00371 0.000149957
          77    -1.00252    -1.00369 0.000148804
          78    -1.00413     -1.0037 0.000147003
          79   -0.998279    -1.00363 0.000160343
          80    -1.00561    -1.00365 0.000160246
          81    -1.00502    -1.00367 0.000159149
          82    -1.00381    -1.00367 0.000157216
          83    -1.00723    -1.00371 0.000161062
          84    -1.00435    -1.00372 0.000159321
          85    -1.00187     -1.0037 0.000158924
          86     -1.0026    -1.00369  0.00015759
          87     -1.0035    -1.00369 0.000155793
          88    -1.00423    -1.00369 0.000154146
          89    -1.00604    -1.00372 0.000154658
          90    -1.00508    -1.00373 0.000153674
          91    -1.00456    -1.00374 0.000152252
          92    -1.00268    -1.00373 0.000151032
          93    -1.00295    -1.00372 0.000149644
          94    -1.00285    -1.00371 0.000148338
          95    -1.00459    -1.00372 0.000147061
          96    -1.00376    -1.00372  0.00014553
          97    -1.00331    -1.00372  0.00014409
          98    -1.00524    -1.00373 0.000143454
          99    -1.00365    -1.00373 0.000142008
         100    -1.00291    -1.00372 0.000140823
