           1   -0.914243   -0.914243           0
           2   -0.914446   -0.914344 7.16695e-05
           3   -0.909793   -0.912827  0.00123967
           4   -0.912671   -0.912788 0.000930368
           5    -0.91193   -0.912617 0.000759948
           6   -0.912542   -0.912604 0.000633391
           7   -0.912823   -0.912635 0.000543678
           8   -0.914914    -0.91292 0.000545218
           9   -0.912095   -0.912829 0.000492282
          10    -0.91019   -0.912565 0.000508892
          11   -0.916153   -0.912891 0.000557449
          12   -0.911812   -0.912801 0.000518193
          13   -0.915555   -0.913013 0.000519828
          14   -0.913553   -0.913051 0.000484127
          15   -0.913275   -0.913066 0.000452081
          16   -0.914075   -0.913129 0.000428201
          17   -0.914257   -0.913196  0.00040812
          18   -0.911514   -0.913102 0.000395998
          19   -0.913137   -0.913104  0.00037516
          20   -0.914514   -0.913175 0.000362968
          21   -0.910777    -0.91306 0.000363196
          22   -0.911287    -0.91298 0.000355521
          23     -0.9147   -0.913055  0.00034784
          24   -0.912747   -0.913042 0.000333583
          25   -0.912873   -0.913035 0.000320308
          26   -0.913638   -0.913058 0.000308828
          27   -0.909903   -0.912941 0.000318727
          28   -0.912902    -0.91294 0.000307347
          29   -0.914202   -0.912983 0.000299813
          30   -0.912119   -0.912955 0.000291201
          31   -0.908021   -0.912795 0.000322385
          32   -0.913263    -0.91281 0.000312641
          33   -0.913416   -0.912828 0.000303706
          34   -0.913571    -0.91285 0.000295558
          35   -0.912079   -0.912828 0.000287934
          36   -0.910824   -0.912773 0.000285266
          37   -0.915345   -0.912842 0.000285904
          38   -0.909193   -0.912746 0.000294066
          39   -0.909708   -0.912668 0.000296662
          40   -0.910484   -0.912614 0.000294229
          41   -0.911082   -0.912576 0.000289416
          42     -0.9113   -0.912546 0.000284115
          43   -0.912204   -0.912538 0.000277619
          44   -0.913763   -0.912566 0.000272703
          45    -0.91299   -0.912575 0.000266806
          46   -0.912333    -0.91257 0.000261058
          47   -0.912082    -0.91256 0.000255709
          48   -0.912571    -0.91256 0.000250382
          49   -0.909585   -0.912499 0.000252523
          50   -0.911306   -0.912475 0.000248598
          51   -0.912372   -0.912473 0.000243732
          52   -0.911487   -0.912454 0.000239781
          53    -0.91192   -0.912444 0.000235469
          54   -0.911065   -0.912419  0.00023249
          55   -0.911321   -0.912399 0.000229118
          56   -0.915298    -0.91245 0.000230801
          57   -0.908983    -0.91239 0.000234632
          58   -0.915198   -0.912438 0.000235529
          59   -0.912548    -0.91244 0.000231544
          60   -0.911224    -0.91242  0.00022857
          61   -0.912523   -0.912421 0.000224829
          62   -0.912068   -0.912416 0.000221275
          63   -0.911015   -0.912393 0.000218877
          64   -0.912464   -0.912394 0.000215459
          65   -0.911924   -0.912387 0.000212266
          66   -0.913023   -0.912397 0.000209268
          67   -0.911792   -0.912388  0.00020634
          68   -0.912334   -0.912387 0.000203307
          69    -0.91647   -0.912446 0.000208796
          70   -0.913457   -0.912461 0.000206312
          71    -0.91373   -0.912479  0.00020418
          72   -0.910731   -0.912454 0.000202782
          73   -0.910574   -0.912428 0.000201633
          74   -0.910788   -0.912406 0.000200124
          75   -0.912532   -0.912408 0.000197463
          76   -0.910791   -0.912387 0.000196007
          77   -0.914095   -0.912409 0.000194714
          78   -0.912377   -0.912408 0.000192218
          79   -0.910519   -0.912385 0.000191267
          80   -0.910364   -0.912359 0.000190536
          81   -0.915195   -0.912394 0.000191372
          82   -0.912219   -0.912392  0.00018905
          83   -0.911649   -0.912383 0.000186984
          84   -0.911833   -0.912377 0.000184873
          85   -0.913876   -0.912394 0.000183537
          86   -0.912895     -0.9124 0.000181495
          87   -0.910844   -0.912382 0.000180289
          88   -0.911798   -0.912376 0.000178362
          89   -0.911774   -0.912369 0.000176486
          90   -0.913224   -0.912378 0.000174781
          91   -0.911596    -0.91237 0.000173071
          92   -0.912359    -0.91237  0.00017119
          93   -0.910844   -0.912353 0.000170133
          94   -0.913406   -0.912364 0.000168692
          95   -0.913518   -0.912377 0.000167352
          96   -0.909497   -0.912347 0.000168276
          97   -0.911823   -0.912341 0.000166628
          98   -0.914708   -0.912365 0.000166669
          99   -0.914445   -0.912386 0.000166304
         100   -0.910992   -0.912372 0.000165224
