-0.499752  -0.499808  0.499861
-0.333302  -0.33333  -0.499886
-0.499775  -0.333399  -0.333436
-0.333527  -0.499926  -0.333361
-0.166811  -0.499762  -0.499807
-2.49654e-06  -0.333396  -0.499786
-0.1666  -0.33311  -0.333313
-7.66473e-05  0.499977  -0.333555
0.166515  -0.499994  -0.499826
0.333272  -0.333275  0.499887
0.166485  -0.333439  -0.333239
0.333559  0.499907  -0.33327
0.499949  -0.166769  0.49975
-0.333258  0.000137973  0.499754
0.499906  -0.000101048  -0.333423
-0.33312  -0.16671  -0.333533
-0.166548  -0.166618  0.499856
2.20367e-05  0.000142347  -0.499912
-0.166589  0.000175991  -0.333345
-0.000176201  -0.166841  -0.333144
0.166487  -0.16665  0.499974
0.33343  -0.000211178  0.499985
0.166789  0.000211762  -0.333563
0.333546  -0.166648  -0.333297
-0.499883  0.16649  0.499968
-0.333305  0.333144  -0.499806
0.499888  0.333224  -0.333506
-0.333145  0.166914  -0.33344
-0.166829  0.166624  0.49987
-9.48881e-05  0.333116  0.499798
-0.166529  0.333443  -0.333281
5.25807e-06  0.166642  -0.333515
0.16672  0.166524  -0.499909
0.333385  0.333334  0.499997
0.166779  0.333504  -0.333188
0.333311  0.166542  -0.333131
0.499995  -0.499981  -0.1669
-0.333439  -0.333341  -0.166869
0.499953  -0.333476  0.000142443
-0.333186  0.499917  0.000156294
-0.166462  -0.499875  -0.16645
5.19847e-05  -0.333091  -0.166784
-0.166862  -0.333192  0.000132469
9.76602e-05  0.499836  -8.99575e-05
0.166843  0.499933  -0.166631
0.333398  -0.333315  -0.166518
0.166637  -0.333478  -6.07121e-05
0.33313  0.499992  0.000147927
0.499783  -0.166605  -0.166516
-0.333352  0.000135572  -0.166679
-0.499971  -0.000199118  0.00015837
-0.33318  -0.166563  -7.9199e-05
-0.166479  -0.16672  -0.166742
-0.00013155  0.000137594  -0.166674
-0.166603  0.000158645  0.000204471
-0.000178098  -0.166613  0.000150821
0.166467  -0.166606  -0.166511
0.333163  0.000211082  -0.166525
0.166881  8.21263e-05  9.84029e-05
0.333517  -0.166782  2.92483e-06
-0.499917  0.166708  -0.166831
-0.333526  0.33328  -0.16655
0.499927  0.333159  9.97869e-05
-0.333492  0.166699  -2.09853e-05
-0.166703  0.166535  -0.166806
2.93477e-05  0.333139  -0.166748
-0.166627  0.333199  -0.000107388
-8.39333e-05  0.166455  -0.000232694
0.166512  0.166785  -0.166703
0.333338  0.333539  -0.166644
0.166642  0.333174  1.01328e-05
0.333236  0.166511  -0.000119974
0.49987  0.499921  0.166534
-0.333095  -0.333497  0.166637
-0.499971  -0.333109  0.333214
-0.333317  0.499939  0.333229
-0.166513  0.499822  0.166476
-0.000172596  -0.333335  0.166819
-0.166632  -0.333546  0.33345
3.70056e-05  -0.499894  0.333308
0.166498  -0.499953  0.166664
0.3332  -0.333251  0.166785
0.166443  -0.333151  0.333254
0.33329  -0.499746  0.333551
0.499882  -0.166755  0.166734
-0.333283  -6.75962e-05  0.166563
-0.499849  -0.000140261  0.333217
-0.333477  -0.166457  0.333513
-0.16678  -0.166709  0.166784
0.000146753  0.000216328  0.166701
-0.166869  -0.000192721  0.333367
0.000120473  -0.166739  0.333417
0.166548  -0.166782  0.166685
0.333448  0.000163027  0.166879
0.166824  -0.00020957  0.333436
0.333194  -0.166477  0.333363
0.499964  0.166838  0.166494
-0.33316  0.333122  0.166763
-0.499863  0.33354  0.333448
-0.333385  0.166593  0.333176
-0.166748  0.166566  0.166568
-5.14652e-05  0.333561  0.166602
-0.166526  0.333438  0.333221
0.000192125  0.166561  0.333303
0.166653  0.166644  0.166729
0.333249  0.33352  0.166808
0.166685  0.333182  0.333167
0.333318  0.166572  0.333402
