2.85
2.84733
2.83907
2.82448
2.80225
2.77057
2.72686
2.66801
2.59056
2.4913
2.36824
2.22214
2.05816
1.88671
1.72196
1.57847
1.46289
1.39182
1.35789
1.35492
1.37363
1.40423
1.43843
1.47054
1.49777
3.03206
3.04482
3.03113
2.99717
2.94798
2.88694
2.8167
2.74178
2.66989
2.60954
2.56608
2.54142
2.53559
2.54642
2.5679
2.59246
2.61073
2.62388
2.63742
2.65694
2.6833
2.71181
2.73554
2.74916
2.7505
2.91221
2.88981
2.85656
2.81482
2.76691
2.71897
2.68301
2.66801
2.66765
2.66586
2.6524
2.62796
2.60037
2.58001
2.57662
2.5964
2.63249
2.67261
2.70323
2.71683
2.71481
2.70647
2.70371
2.7132
2.73178
2.90537
2.91117
2.89874
2.87321
2.84738
2.83502
2.84253
2.86486
2.89045
2.9097
2.91844
2.91608
2.90366
2.88384
2.86137
2.84093
2.82716
2.8167
2.80431
2.78681
2.76638
2.75109
2.75083
2.76857
2.7963
2.88241
2.90109
2.90887
2.90514
2.88981
2.86386
2.83001
2.79306
2.75955
2.73601
2.72656
2.73248
2.75347
2.78758
2.82821
2.8631
2.87938
2.87069
2.83978
2.79504
2.74406
2.69005
2.63354
2.57661
2.52526
2.48828
2.4734
2.48371
2.51653
2.56513
2.62151
2.67809
2.7278
2.76432
2.78441
2.79097
2.79179
2.79348
2.79674
2.79735
2.78986
2.7723
2.75084
2.73874
2.74705
2.77507
2.81218
2.84705
2.87265
2.88547
2.88442
2.8725
2.85816
2.85099
2.85384
2.86151
2.86669
2.86488
2.85555
2.84155
2.82733
2.81677
2.81183
2.81243
2.817
2.82271
2.82534
2.81972
2.80172
2.77175
2.73812
2.71584
2.71745
2.74241
2.77693
2.80332
2.809
2.79021
2.75016
2.69611
2.63813
2.58779
2.55319
2.53485
2.53196
2.55057
2.59445
2.65144
2.7011
2.72982
2.73586
2.72744
2.71792
2.71769
2.72718
2.73685
2.73473
2.71374
2.67425
2.62297
2.57053
2.52859
2.50677
2.51026
2.53889
2.58763
2.64834
2.71205
2.77093
2.8188
2.85088
2.86351
2.855
2.82803
2.79189
2.75913
2.73835
2.73376
2.74859
2.78362
2.83425
2.89071
2.94095
2.97539
2.99076
2.98999
2.97835
2.95984
2.93616
2.90836
2.87882
2.85053
2.82364
2.79452
2.76091
2.72693
2.70096
2.69038
2.69627
2.70973
2.71991
2.72468
2.72983
2.74255
2.76616
2.79768
2.82973
2.85468
2.86768
2.86703
2.85324
2.82752
2.79109
2.74593
2.69764
2.65713
2.63649
2.6401
2.65998
2.68179
2.69554
2.70128
2.70758
2.72536
2.76059
2.80992
2.86321
2.91054
2.94734
2.97414
2.9936
3.0078
3.01708
3.01925
3.00928
2.98069
2.92912
2.85477
2.76371
2.67101
2.60239
2.58136
2.61024
2.67301
2.74979
2.82258
2.87709
2.90532
2.90677
2.88749
2.85697
2.82501
2.80064
2.79135
2.79901
2.81689
2.83473
2.84638
2.85182
2.85419
2.85645
2.85948
2.86168
2.85937
2.84769
2.82155
2.77692
2.71315
2.63575
2.55696
2.49197
2.45423
2.45311
2.49053
2.55704
2.63483
2.70647
2.76067
2.79283
2.80349
2.79751
2.78303
2.76843
2.75784
2.74946
2.73878
2.72258
2.70097
2.677
2.65515
2.64033
2.63759
2.65059
2.67842
2.7136
2.7455
2.76646
2.77558
2.77838
2.78293
2.79502
2.81595
2.84371
2.87486
2.90605
2.93544
2.96298
2.98904
3.01266
3.03111
3.04075
3.03812
3.02193
2.99655
2.97333
2.96197
2.95785
2.94685
2.92178
2.88883
2.86101
2.84799
2.85058
2.8626
2.87628
2.88565
2.88627
2.87456
2.84843
2.80865
2.7615
2.72028
2.69926
2.7026
2.72217
2.74634
2.76695
2.78013
2.78436
2.77818
2.75928
2.72547
2.67787
2.62231
2.5674
2.52099
2.49032
2.48685
2.5228
2.59363
2.67712
2.75358
2.81469
2.85864
2.88538
2.895
2.88828
2.86851
2.84182
2.81564
2.79561
2.7829
2.77343
2.7602
2.73891
2.71391
2.69817
2.70391
2.73441
2.78522
2.84812
2.91235
2.96534
2.99518
2.99444
2.96416
2.91534
2.86426
2.82264
2.79167
2.76528
2.73671
2.7022
2.66257
2.62459
2.60096
2.60481
2.63986
2.69702
2.7613
2.82095
2.87235
2.91796
2.95809
2.98574
2.99181
2.97184
2.92595
2.85583
2.76627
2.67605
2.62314
2.63296
2.68499
2.74072
2.78106
2.80783
2.8302
2.85417
2.88024
2.90713
2.93363
2.95719
2.97354
2.97848
2.96877
2.94197
2.89733
2.83864
2.77648
2.72605
2.70093
2.70757
2.7441
2.80266
2.87225
2.94139
3.00016
3.04199
3.06435
3.06792
3.05515
3.02856
2.98984
2.94012
2.88225
2.82369
2.77688
2.75233
2.7486
2.75249
2.7512
2.7418
2.73109
2.73001
2.74492
2.7717
2.79822
2.8124
2.80821
2.78774
2.76129
2.74406
2.74638
2.76476
2.78534
2.79599
2.79454
2.78728
2.78134
2.77942
2.78147
2.78774
2.79778
2.80848
2.81467
2.81171
2.79832
2.77858
2.7622
2.76064
2.77903
2.81121
2.84442
2.86859
2.88093
2.88401
2.88175
2.87674
2.86952
2.85945
2.84631
2.83196
2.82107
2.82053
2.83687
2.8715
2.91663
2.9578
2.98097
2.9776
2.94479
2.88474
2.8066
2.72942
2.67845
2.66887
2.69223
2.72504
2.74696
2.74806
2.72914
2.70244
2.68604
2.69017
2.71017
2.73377
2.75041
2.75409
2.7421
2.71339
2.66936
2.61694
2.57004
2.54316
2.54044
2.55521
2.5804
2.61392
2.65537
2.70161
2.74535
2.77731
2.7911
2.788
2.77715
2.76982
2.77264
2.78582
2.80638
2.83161
2.86003
2.89055
2.92176
2.95205
2.97999
3.00423
3.02325
3.03546
3.03985
3.03646
3.02665
3.01378
3.00449
3.00702
3.02324
3.04235
3.04754
3.02807
2.98473
2.92844
2.87351
2.82837
2.79369
2.7698
2.76181
2.77502
2.80656
2.84462
2.87641
