1.9
1.89822
1.89271
1.88299
1.86817
1.84704
1.81791
1.77868
1.72704
1.66087
1.57882
1.48142
1.3721
1.2578
1.14798
1.05231
0.97526
0.927878
0.905261
0.903281
0.915751
0.936152
0.958956
0.98036
0.998516
2.02137
2.02988
2.02075
1.99811
1.96532
1.92463
1.8778
1.82786
1.77993
1.73969
1.71072
1.69428
1.69039
1.69761
1.71194
1.72831
1.74048
1.74925
1.75828
1.7713
1.78887
1.80787
1.82369
1.83278
1.83367
1.94148
1.92654
1.90437
1.87655
1.84461
1.81265
1.78867
1.77868
1.77843
1.77724
1.76827
1.75197
1.73358
1.72001
1.71774
1.73093
1.75499
1.78174
1.80215
1.81122
1.80987
1.80431
1.80247
1.8088
1.82118
1.93691
1.94078
1.93249
1.91547
1.89825
1.89001
1.89502
1.90991
1.92697
1.9398
1.94563
1.94405
1.93578
1.92256
1.90758
1.89396
1.88478
1.8778
1.86954
1.85787
1.84425
1.83406
1.83389
1.84572
1.8642
1.92161
1.93406
1.93925
1.93676
1.92654
1.90924
1.88668
1.86204
1.8397
1.82401
1.81771
1.82165
1.83565
1.85839
1.88547
1.90873
1.91959
1.91379
1.89319
1.86336
1.82937
1.79336
1.75569
1.71774
1.68351
1.65886
1.64893
1.6558
1.67768
1.71009
1.74767
1.78539
1.81854
1.84288
1.85628
1.86065
1.8612
1.86232
1.8645
1.8649
1.85991
1.8482
1.83389
1.82583
1.83136
1.85005
1.87479
1.89803
1.9151
1.92365
1.92295
1.915
1.90544
1.90066
1.90256
1.90767
1.91112
1.90992
1.9037
1.89437
1.88489
1.87785
1.87455
1.87495
1.878
1.88181
1.88356
1.87981
1.86782
1.84783
1.82541
1.81056
1.81164
1.82828
1.85129
1.86888
1.87267
1.86014
1.83344
1.7974
1.75875
1.72519
1.70213
1.6899
1.68797
1.70038
1.72963
1.76763
1.80073
1.81988
1.82391
1.81829
1.81194
1.81179
1.81812
1.82457
1.82315
1.80916
1.78284
1.74865
1.71369
1.68573
1.67118
1.67351
1.69259
1.72508
1.76556
1.80803
1.84729
1.8792
1.90058
1.90901
1.90333
1.88536
1.86126
1.83942
1.82557
1.8225
1.8324
1.85575
1.8895
1.92714
1.96064
1.98359
1.99384
1.99333
1.98557
1.97323
1.95744
1.9389
1.91922
1.90036
1.88243
1.86301
1.8406
1.81796
1.80064
1.79359
1.79751
1.80649
1.81327
1.81645
1.81989
1.82837
1.84411
1.86512
1.88649
1.90312
1.91179
1.91136
1.90216
1.88501
1.86073
1.83062
1.79843
1.77142
1.75766
1.76007
1.77332
1.78786
1.79703
1.80086
1.80505
1.81691
1.84039
1.87328
1.9088
1.94036
1.96489
1.98276
1.99573
2.0052
2.01138
2.01284
2.00619
1.98713
1.95274
1.90318
1.84247
1.78067
1.73492
1.72091
1.74016
1.78201
1.8332
1.88172
1.91806
1.93688
1.93785
1.92499
1.90465
1.88334
1.86709
1.8609
1.86601
1.87793
1.88982
1.89759
1.90121
1.90279
1.9043
1.90632
1.90778
1.90625
1.89846
1.88103
1.85128
1.80877
1.75716
1.70464
1.66132
1.63616
1.63541
1.66035
1.70469
1.75656
1.80432
1.84045
1.86189
1.86899
1.865
1.85535
1.84562
1.83856
1.83297
1.82586
1.81506
1.80065
1.78467
1.7701
1.76022
1.75839
1.76706
1.78561
1.80907
1.83033
1.84431
1.85039
1.85225
1.85528
1.86335
1.8773
1.89581
1.91658
1.93737
1.95696
1.97532
1.99269
2.00844
2.02074
2.02716
2.02541
2.01462
1.9977
1.98222
1.97464
1.9719
1.96457
1.94785
1.92589
1.90734
1.89866
1.90039
1.9084
1.91752
1.92377
1.92418
1.91637
1.89895
1.87243
1.841
1.81352
1.79951
1.80174
1.81478
1.83089
1.84463
1.85342
1.85624
1.85212
1.83952
1.81698
1.78525
1.74821
1.7116
1.68066
1.66021
1.6579
1.68186
1.72909
1.78475
1.83572
1.87646
1.90576
1.92359
1.93
1.92552
1.91234
1.89455
1.87709
1.86374
1.85527
1.84895
1.84014
1.82594
1.80928
1.79878
1.8026
1.82294
1.85681
1.89874
1.94157
1.9769
1.99679
1.99629
1.97611
1.94356
1.90951
1.88176
1.86111
1.84352
1.82448
1.80147
1.77505
1.74972
1.73397
1.73654
1.75991
1.79802
1.84086
1.88063
1.9149
1.94531
1.97206
1.99049
1.99454
1.98123
1.95064
1.90388
1.84418
1.78404
1.74876
1.75531
1.78999
1.82715
1.85404
1.87188
1.8868
1.90278
1.92016
1.93808
1.95575
1.97146
1.98236
1.98565
1.97918
1.96132
1.93155
1.89242
1.85099
1.81736
1.80062
1.80505
1.8294
1.86844
1.91483
1.96092
2.0001
2.028
2.0429
2.04528
2.03676
2.01904
1.99322
1.96008
1.9215
1.88246
1.85125
1.83489
1.8324
1.83499
1.83413
1.82786
1.82073
1.82
1.82995
1.8478
1.86548
1.87493
1.87214
1.85849
1.84086
1.82937
1.83092
1.84317
1.85689
1.86399
1.86303
1.85818
1.85423
1.85294
1.85431
1.85849
1.86519
1.87232
1.87645
1.87447
1.86555
1.85238
1.84147
1.84043
1.85268
1.87414
1.89628
1.91239
1.92062
1.92267
1.92117
1.91783
1.91301
1.9063
1.89754
1.88797
1.88072
1.88036
1.89125
1.91433
1.94442
1.97187
1.98731
1.98507
1.96319
1.92316
1.87107
1.81961
1.78563
1.77925
1.79482
1.8167
1.83131
1.83204
1.81943
1.80163
1.7907
1.79345
1.80678
1.82251
1.8336
1.83606
1.82807
1.80893
1.77957
1.74463
1.71336
1.69544
1.69363
1.70347
1.72026
1.74261
1.77025
1.80107
1.83023
1.85154
1.86074
1.85867
1.85143
1.84655
1.84843
1.85721
1.87092
1.88774
1.90668
1.92704
1.94784
1.96803
1.98666
2.00282
2.0155
2.02364
2.02657
2.02431
2.01777
2.00919
2.003
2.00468
2.01549
2.02823
2.03169
2.01871
1.98982
1.9523
1.91567
1.88558
1.86246
1.84653
1.8412
1.85001
1.87104
1.89641
1.9176
