1.93029
1.93457
1.93184
1.92131
1.90088
1.87235
1.84433
1.82651
1.82299
1.8337
1.85626
1.88301
1.90162
1.90204
1.88211
1.84743
1.8077
1.77189
1.74512
1.72906
1.72433
1.73126
1.74823
1.7708
1.79321
1.80999
1.81697
1.81319
1.80302
1.7951
1.79601
1.80399
1.81016
1.8063
1.79058
1.7669
1.74055
1.71547
1.69622
1.68965
1.70195
1.73389
1.78001
1.83232
1.88387
1.92885
1.96139
1.97683
1.9745
1.95812
1.93401
1.90921
1.88952
1.87692
1.86843
1.85879
1.8448
1.82739
1.81089
1.80042
1.79851
1.80315
1.809
1.81065
1.80536
1.79459
1.78377
1.77945
1.78464
1.7977
1.81504
1.83368
1.85147
1.86642
1.87655
1.88063
1.8786
1.872
1.86439
1.86155
1.86967
1.89104
1.92133
1.9518
1.97427
1.98419
1.98028
1.9632
1.93458
1.89785
1.85992
1.83151
1.82333
1.83875
1.87034
1.90379
1.9262
1.93247
1.92579
1.91316
1.90067
1.8921
1.88915
1.89146
1.89739
1.90588
1.91766
1.93347
1.95142
1.96707
1.97642
1.97833
1.97485
1.96986
1.96685
1.96716
1.97058
1.97608
1.98334
1.99058
1.99487
1.99403
1.98784
1.9774
1.96398
1.8706
1.85565
1.84368
1.83857
1.84448
1.86282
1.89012
1.9188
1.9398
1.94504
1.92905
1.89064
1.83556
1.77818
1.73598
1.71716
1.71769
1.73072
1.75151
1.77596
1.79956
1.81843
1.83043
1.83551
1.83521
1.8317
1.82665
1.82
1.81031
1.79667
1.7805
1.76581
1.75786
1.76122
1.77789
1.80604
1.84058
1.87545
1.9053
1.92536
1.9319
1.92444
1.90707
1.88686
1.87061
1.86263
1.86433
1.87466
1.89097
1.91047
1.9308
1.9492
1.96236
1.96783
1.96515
1.95545
1.93968
1.91783
1.8899
1.85726
1.8228
1.78963
1.76099
1.74173
1.73736
1.74905
1.77084
1.79402
1.81285
1.82591
1.83424
1.83924
1.84151
1.8415
1.84068
1.8407
1.84089
1.83709
1.82399
1.79921
1.76574
1.73026
1.69856
1.67249
1.65142
1.63593
1.62878
1.63194
1.64329
1.65684
1.66631
1.66889
1.66652
1.6641
1.6663
1.67513
1.69022
1.71081
1.7371
1.76888
1.80286
1.83379
1.85877
1.87783
1.89109
1.89813
1.89906
1.89405
1.88227
1.86274
1.83598
1.80477
1.77299
1.74482
1.72543
1.72111
1.73494
1.76106
1.78848
1.80685
1.81099
1.80118
1.78162
1.75884
1.74018
1.85802
1.86118
1.87453
1.89378
1.91409
1.93201
1.94549
1.95271
1.95215
1.94447
1.93437
1.92902
1.93222
1.94013
1.94453
1.93913
1.92235
1.89656
1.86605
1.8358
1.81066
1.79513
1.7926
1.80432
1.82755
1.8547
1.87643
1.88732
1.88869
1.88682
1.88847
1.89587
1.90473
1.9088
1.90569
1.89715
1.8857
1.8729
1.86006
1.84876
1.84052
1.83651
1.83733
1.84236
1.84945
1.8562
1.86157
1.86619
1.87096
1.87543
1.87747
1.87451
1.86522
1.85042
1.83317
1.81724
1.80513
1.79869
1.80061
1.8127
1.83419
1.86263
1.89464
1.9262
1.95391
1.97631
1.99374
2.00733
2.0178
2.02475
2.02638
2.0203
2.00482
1.97969
1.94569
1.90427
1.85793
1.81169
1.77552
1.76393
1.78358
1.82252
1.86287
1.89691
1.92652
1.95476
1.97955
1.99369
1.98985
1.9662
1.9291
1.89014
1.85844
1.83813
1.83157
1.83944
1.85809
1.88017
1.89864
1.91049
1.91651
1.9185
1.91834
1.91918
1.92443
1.93462
1.94724
1.95924
1.96849
1.97276
1.96895
1.95411
1.92727
1.89041
1.84807
1.8042
1.76926
1.74642
1.73899
1.74749
1.76922
1.79884
1.82998
1.85718
1.87733
1.99756
2.00438
2.00582
2.00256
1.99293
1.97443
1.94584
1.90889
1.86813
1.82956
1.79903
1.78095
1.77753
1.78895
1.81401
1.84975
1.89112
1.93146
1.96328
1.98023
1.9808
1.97092
1.96203
1.96473
1.98323
2.01436
2.05008
2.08127
2.10096
2.10565
2.09634
2.07905
2.06314
2.0567
2.06184
2.07409
2.08667
2.09516
2.09934
2.10132
2.10159
2.09616
2.07795
2.04273
1.99407
1.94103
1.89181
1.85311
1.83085
1.82689
1.83729
1.85496
1.87315
1.88772
1.89685
1.89954
1.89457
1.88117
1.86121
1.84114
1.83111
1.83982
1.86813
1.90752
1.94541
1.97235
1.98558
1.98817
1.98593
1.98421
1.98603
1.99138
1.99796
2.0028
2.00415
2.00263
2.00107
2.00285
2.00955
2.01916
2.02599
2.02315
2.00657
1.97826
1.94624
1.92005
1.90509
1.90059
1.90239
1.90654
1.91094
1.91573
1.92336
1.93736
1.95866
1.98359
2.00645
2.02344
2.0338
2.03871
2.03985
2.03856
2.03487
2.02667
2.01009
1.98181
1.94241
1.89846
1.86107
1.84158
1.8457
1.86912
1.9005
1.92889
1.94728
1.95278
1.94642
1.93442
1.92406
1.92122
1.92788
1.94129
1.95536
1.96372
1.96321
1.91324
1.90895
1.91623
1.93895
1.9729
2.00889
2.0386
2.05814
2.06781
2.06984
2.06632
2.05933
2.05259
2.05133
2.05754
2.06494
2.06263
2.04399
2.01083
1.97173
1.93764
1.91703
1.91221
1.91885
1.92954
1.93828
1.94207
1.9402
1.93381
1.92593
1.92057
1.9211
1.92834
1.93992
1.9513
1.958
1.95751
1.95034
1.93972
1.93008
1.92469
1.92336
1.92207
1.9155
1.90049
1.87797
1.85275
1.83226
1.82331
1.82741
1.83965
1.85344
1.86603
1.8793
1.89533
1.91153
1.92236
1.92608
1.92821
1.93666
1.95415
1.97639
1.99624
2.00904
2.01564
2.02129
2.03133
2.04733
2.06682
2.08564
2.0997
2.10578
2.10181
2.08738
2.06399
2.03481
2.00423
1.97704
1.9568
1.94405
1.93637
1.93069
1.92572
1.92248
1.92317
1.92937
1.94051
1.95385
1.96596
1.97511
1.98259
1.9906
1.9988
2.00418
2.0047
2.00138
1.99649
1.99041
1.98066
1.96419
1.94099
1.91541
1.89434
1.8831
1.88297
1.89127
1.90349
1.91646
1.93011
1.94552
1.96217
1.97809
1.99174
2.0024
2.00935
2.0119
2.01089
2.00909
2.00899
2.01057
2.01267
2.01486
2.01488
2.00683
1.98587
1.95288
1.91362
1.87504
1.84242
1.81892
1.8062
1.80422
1.81091
1.82265
1.83591
1.84957
1.8657
1.88755
1.91536
1.94351
1.96352
1.97056
1.96627
1.95639
1.94736
1.94485
1.95318
1.97367
2.00374
2.03889
2.07523
2.10888
2.13437
2.14608
2.14103
2.11983
2.08646
2.04781
2.01216
1.98629
1.97205
1.96537
1.95902
1.94719
1.92899
1.90852
1.89204
1.88427
1.88616
1.8953
1.90762
1.91924
1.92785
1.9331
1.93561
1.93557
1.93292
1.92811
1.92347
1.92361
1.93308
1.95185
1.97343
1.98859
1.99197
1.98576
1.97806
1.97649
1.98248
1.99202
2.00012
2.00416
2.00524
2.0069
2.01191
2.01992
2.02791
2.03269
2.033
2.02957
2.02416
2.01873
2.01541
2.01584
2.01977
2.02453
2.02606
2.02109
2.00888
1.99144
1.97192
1.95277
1.93548
1.92164
1.91292
1.90975
1.91054
1.91167
1.90891
1.90139
1.89385
1.8904
1.88727
1.87652
1.85417
1.82281
1.78992
1.76278
1.74178
1.72018
1.69231
1.66088
1.63679
1.63112
1.64593
1.674
1.70643
1.73669
1.75964
1.77154
1.77225
1.76612
1.76
1.75998
1.76921
1.78847
1.81767
1.85462
1.89334
1.92666
1.95045
1.96469
1.97147
1.97303
1.97084
1.96582
1.95911
1.95352
1.95362
1.96348
1.98344
2.00936
2.03497
2.05484
2.06661
2.07209
2.07608
2.08255
2.09151
2.09997
2.1046
2.10295
2.09382
2.07794
2.05767
2.03508
2.01058
1.98352
1.95408
1.92441
1.89774
1.87602
1.8584
1.84272
1.82858
1.8192
1.82015
1.83592
1.86641
1.90623
1.94796
1.98692
2.02188
2.05134
2.07183
2.08081
2.0787
2.06789
2.05066
2.02863
2.00419
1.98185
1.96691
1.96178
1.96459
1.97156
1.97983
1.98831
1.99704
2.00581
2.01248
2.01227
1.99854
1.96517
1.91131
1.84729
1.79378
1.7664
1.76414
1.77918
1.80595
1.83816
1.86769
1.88828
1.89792
1.8997
1.90105
1.90947
1.92752
1.95166
1.97493
1.9899
1.99002
1.97288
1.94672
1.93145
1.94318
1.97787
2.01867
2.05254
2.07424
2.08214
2.07527
2.05367
2.02017
1.98156
1.94781
1.92896
1.93003
1.94787
1.97309
1.99547
2.00779
2.00705
1.99433
1.97367
1.94993
1.92609
1.9022
1.87695
1.85067
1.82732
1.81427
1.81906
1.84484
1.88703
1.93452
1.97453
1.99809
2.00299
1.99381
1.9787
1.96467
1.95437
1.94694
1.94151
1.93839
1.93703
1.93496
1.92916
1.91738
1.89926
1.87734
1.8567
1.84346
1.84436
1.86534
1.90615
1.95732
2.00658
2.04668
2.07662
2.09857
2.1144
2.1244
2.12786
2.12467
2.11603
2.10377
2.08901
2.07096
2.04709
2.0152
1.97636
1.93585
1.90054
1.87543
1.86231
1.86084
1.86925
1.88436
1.90211
1.91826
1.92961
1.93521
1.9369
1.93869
1.94445
1.95544
1.96981
1.98461
1.99752
2.00711
2.01251
2.01368
2.0121
2.01121
2.01517
2.02609
2.0421
2.05811
2.06869
2.07059
2.06383
2.05153
2.03872
2.03048
2.02993
2.03637
2.04475
2.04746
2.03821
2.01491
1.9807
1.94256
1.90854
1.88509
1.87585
1.88145
1.89922
1.92316
1.94494
1.95631
1.9524
1.93474
1.91196
1.89551
1.89155
1.89588
1.89931
1.89807
1.89707
1.90316
1.91755
1.93567
1.95194
1.96199
1.96281
1.95295
1.93298
1.90594
1.87672
1.85016
1.82941
1.81654
1.81425
1.82536
1.84925
1.87999
1.90958
1.9319
1.9437
1.94373
1.9325
1.91342
1.89306
1.87847
1.87351
1.87806
1.88998
1.90696
1.92748
1.95068
1.97579
2.00101
2.02284
2.03749
2.04324
2.04164
2.0365
2.03157
2.02826
2.02578
2.02283
2.01881
2.01361
2.00694
1.99793
1.98522
1.96799
1.94644
1.92141
1.89477
1.86948
1.8477
1.82895
1.81214
1.79956
1.79738
1.81116
1.84091
1.88022
1.9191
1.94838
1.96365
1.96695
1.96442
1.9609
1.95613
1.94629
1.92894
1.90622
1.8843
1.86917
1.86254
1.86274
1.86832
1.87876
1.89278
1.90833
1.92399
1.93921
1.95323
1.96425
1.97091
1.97568
1.98662
2.01142
2.04831
2.08729
2.11906
2.13909
2.14624
2.14152
2.1284
2.1125
2.09951
2.09142
2.08438
2.07061
2.04411
2.00688
1.97137
1.95392
1.9617
1.98748
2.0174
2.03945
2.04641
2.03652
2.01321
1.98317
1.95377
1.93147
1.91989
1.91819
1.92232
1.92764
1.93068
1.92918
1.92174
1.90897
1.89479
1.88496
1.88308
1.88879
1.89979
1.91374
1.92821
1.94055
1.9493
1.95609
1.96571
1.98259
2.00594
2.0287
2.04276
2.04554
2.04161
2.03834
2.04195
2.05724
2.08556
2.11986
2.14678
2.15533
2.14185
2.10949
2.06604
2.02077
1.98125
1.95167
1.93294
1.92404
1.92302
1.92736
1.93399
1.93939
1.94027
1.93444
1.92111
1.9009
1.87546
1.84723
1.81947
1.79671
1.78378
1.7836
1.79558
1.8159
1.83908
1.85992
1.87491
1.88301
1.88539
1.88456
1.88409
1.88885
1.90375
1.93053
1.96572
2.00232
2.03319
2.05304
2.0588
2.04962
2.02718
1.99617
1.96386
1.93798
1.92372
1.92212
1.9308
1.94509
1.95917
1.96837
1.97188
1.97397
1.98205
2.00093
2.02775
2.05376
2.07057
2.07404
2.06465
2.04573
2.02095
1.99253
1.96119
1.92795
1.89673
1.87553
1.87616
1.91031
1.97603
2.05191
2.11573
2.15914
2.18517
2.20161
2.21551
2.22907
2.23886
2.23923
2.22648
2.20096
2.16647
2.12809
2.08981
2.05338
2.0191
1.98777
1.96202
1.94458
1.93538
1.93126
1.92868
1.92544
1.92109
1.9175
1.91802
1.92444
1.93481
1.94537
1.95422
1.96214
1.97038
1.97811
1.98254
1.9817
1.97653
1.9698
1.96348
1.95735
1.94903
1.93514
1.91386
1.88835
1.8674
1.86044
1.86992
1.89001
1.91266
1.93235
1.94654
1.95476
1.95759
1.95666
1.955
1.95638
1.9629
1.97378
1.98702
2.00195
2.01925
2.03784
2.05327
2.06042
2.05661
2.04259
2.02348
2.00845
2.00595
2.01779
2.03842
2.0583
2.06757
2.05972
2.03453
1.99864
1.9624
1.93324
1.90976
1.88415
1.85228
1.82
1.79899
1.79628
1.80803
1.82384
1.83623
1.84563
1.85761
1.87619
1.8994
1.92082
1.93427
1.93739
1.93286
1.92695
1.9263
1.93465
1.95117
1.97123
1.98927
2.00188
2.00937
2.01489
2.02144
2.02914
2.0353
2.03645
2.03037
2.01706
1.99878
1.97862
1.95905
1.94135
1.9258
1.91209
1.89972
1.88836
1.8775
1.86624
1.85391
1.84166
1.83269
1.83069
1.83766
1.85298
1.87345
1.89453
1.91247
1.92657
1.93919
1.95327
1.96969
1.98619
1.99833
2.00188
1.99527
1.98081
1.96401
1.95149
1.94786
1.95331
1.96299
1.96925
1.96598
1.95191
1.93097
1.91075
1.89959
1.90276
1.91973
1.94452
1.96899
1.98679
1.99542
1.99615
1.99211
1.98642
1.98151
1.97846
1.97644
1.97423
1.97286
1.97519
1.98212
1.99109
1.99867
2.00378
2.0076
2.0111
2.01298
2.0102
2.00167
1.99029
1.97905
1.96631
1.94802
1.92298
1.89375
1.86453
1.83947
1.82206
1.81451
1.81681
1.82654
1.83975
1.85245
1.86201
1.86872
1.87621
1.88916
1.90948
1.9355
1.96401
1.99188
2.0168
2.03858
2.05961
2.08286
2.10809
2.13089
2.14597
2.15114
2.1481
2.14071
2.13249
2.12515
2.11838
2.11071
2.10097
2.08899
2.07502
2.05906
2.04113
2.02196
2.00263
1.98321
1.96208
1.9368
1.906
1.87216
1.84253
1.82636
1.82971
1.85212
1.88659
1.92309
1.95338
1.97395
1.98575
1.99211
1.99655
2.00144
2.00773
2.01451
2.01874
2.01598
2.00253
1.97717
1.94128
1.89731
1.84781
1.79635
1.74981
1.71891
1.71264
1.72966
1.75896
1.78963
1.81672
1.83984
1.85924
1.87474
1.88793
1.90301
1.92345
1.94918
1.97738
2.00458
2.02734
2.04257
2.04867
2.0469
2.04243
2.04319
2.05589
2.08147
2.11381
2.14292
2.15976
2.1594
2.1415
2.10865
2.06447
2.01404
1.96575
1.92925
1.90847
1.89831
1.89083
1.88344
1.88003
1.88468
1.89543
1.90447
1.90294
1.88573
1.85384
1.81371
1.77405
1.74168
1.71899
1.7052
1.70074
1.70939
1.73473
1.77485
1.82176
1.86542
1.89741
1.91312
1.91339
1.90582
1.90393
1.9186
1.94712
1.97659
1.9967
2.00367
1.99641
1.97451
1.94117
1.90727
1.88891
1.89671
1.9282
1.97175
2.01489
2.04837
2.06649
2.0672
2.05275
2.02972
2.00696
1.99205
1.98792
