-3.51475
-3.51475
-3.51475
-3.51475
-3.51279
-3.50931
-3.50539
-3.50267
-3.50011
-3.49739
-3.49724
-3.49558
-3.49678
-3.49738
-3.49843
-3.50039
-3.50539
-3.50346
-3.50307
-3.50294
-3.50209
-3.50217
-3.5017
-3.5028
-3.50352
-1.99072
-1.99041
-1.9892
-1.98859
-1.99025
-1.9907
-1.98995
-1.98889
-1.98949
-1.98964
-1.98933
-1.98994
-1.98963
-1.98964
-1.98994
-1.99001
-1.98987
-1.99002
-1.98864
-1.98766
-1.98709
-1.9867
-1.98663
-1.98691
-1.98738
-1.81641
-1.81672
-1.81581
-1.81611
-1.81626
-1.81595
-1.81594
-1.81565
-1.81551
-1.81476
-1.8143
-1.81414
-1.81474
-1.81368
-1.81337
-1.81187
-1.81099
-1.81023
-1.8105
-1.81064
-1.81216
-1.81324
-1.81318
-1.81196
-1.81066
-1.65568
-1.65508
-1.65538
-1.65567
-1.65612
-1.65717
-1.65869
-1.65885
-1.6593
-1.659
-1.65855
-1.65855
-1.65794
-1.65764
-1.65839
-1.65856
-1.65829
-1.65976
-1.65981
-1.65961
-1.6593
-1.6594
-1.65788
-1.6574
-1.65688
-1.59703
-1.59749
-1.59794
-1.59749
-1.59643
-1.59612
-1.59763
-1.59823
-1.59747
-1.59732
-1.59762
-1.59807
-1.59747
-1.59808
-1.59809
-1.59643
-1.59734
-1.59765
-1.59643
-1.59658
-1.59657
-1.59642
-1.59627
-1.59627
-1.59596
-1.59686
-1.59656
-1.59671
-1.5952
-1.5943
-1.5937
-1.59356
-1.59386
-1.59462
-1.59538
-1.59658
-1.59491
-1.59491
-1.59537
-1.59598
-1.59583
-1.59522
-1.59431
-1.59279
-1.59385
-1.59355
-1.59522
-1.59553
-1.59402
-1.59493
-1.59357
-1.59416
-1.5937
-1.59385
-1.5931
-1.5928
-1.59295
-1.59356
-1.59461
-1.59476
-1.5934
-1.59385
-1.594
-1.59506
-1.59431
-1.59371
-1.59447
-1.59523
-1.59508
-1.59568
-1.59582
-1.59566
-1.59476
-1.59492
-1.59538
-1.59614
-1.59705
-1.5969
-1.59704
-1.59674
-1.59688
-1.59673
-1.59673
-1.59598
-1.59567
-1.5937
-1.59386
-1.59448
-1.59615
-1.59615
-1.59584
-1.59508
-1.59522
-1.59461
-1.59311
-1.59176
-1.59161
-1.59101
-1.59251
-1.59265
-1.59265
-1.59294
-1.59294
-1.5943
-1.5934
-1.59371
-1.5922
-1.59206
-1.5913
-1.59221
-1.59297
-1.59373
-1.59297
-1.59297
-1.59341
-1.59296
-1.59371
-1.59386
-1.59446
-1.59431
-1.59417
-1.59463
-1.59463
-1.59509
-1.59478
-1.59432
-1.59357
-1.59372
-1.5913
-1.591
-1.59085
-1.58994
-1.59131
-1.59191
-1.59221
-1.59266
-1.59266
-1.5916
-1.591
-1.59161
-1.59116
-1.59266
-1.5922
-1.59386
-1.59205
-1.59356
-1.59463
-1.59297
-1.59282
-1.59251
-1.59417
-1.59387
-1.59372
-1.59296
-1.59235
-1.5925
-1.59295
-1.5922
-1.5913
-1.5904
-1.59055
-1.59009
-1.59054
-1.59023
-1.58978
-1.59024
-1.5907
-1.59055
-1.59086
-1.59131
-1.5907
-1.59116
-1.59146
-1.59071
-1.58996
-1.58981
-1.59042
-1.58981
-1.58951
-1.58919
-1.58963
-1.58917
-1.58934
-1.5904
-1.58996
-1.58951
-1.59027
-1.59118
-1.59072
-1.59102
-1.59192
-1.59267
-1.59251
-1.59266
-1.59388
-1.59449
-1.59404
-1.59434
-1.59343
-1.59418
-1.59403
-1.59433
-1.59373
-1.59313
-1.59344
-1.59329
-1.59314
-1.59283
-1.59268
-1.59176
-1.59206
-1.59144
-1.59189
-1.59084
-1.59085
-1.59116
-1.59117
-1.59056
-1.59162
-1.59132
-1.59086
-1.5916
-1.59085
-1.59115
-1.59146
-1.59176
-1.59161
-1.59161
-1.59161
-1.5916
-1.59145
-1.58993
-1.58994
-1.58979
-1.58919
-1.58905
-1.5898
-1.5895
-1.59161
-1.59251
-1.59402
-1.59447
-1.59478
-1.59418
-1.59478
-1.59478
-1.59493
-1.59508
-1.59614
-1.59569
-1.59554
-1.59615
-1.59645
-1.59629
-1.59704
-1.5975
-1.59706
-1.59706
-1.59736
-1.59871
-1.59931
-1.59976
-1.59977
-1.60022
-1.60083
-1.60099
-1.60144
-1.59963
-1.59903
-1.59782
-1.59826
-1.59749
-1.59825
-1.59916
-1.60007
-1.59962
-1.59902
-1.59872
-1.59902
-1.59887
-1.59872
-1.59812
-1.59736
-1.59811
-1.59841
-1.59917
-1.59931
-1.59915
-1.59885
-1.59902
-1.59888
-1.59918
-1.59979
-1.59963
-1.59737
-1.59646
-1.59736
-1.59766
-1.59675
-1.59614
-1.59614
-1.59705
-1.59766
-1.59812
-1.59736
-1.5969
-1.59538
-1.59629
-1.59599
-1.59554
-1.59585
-1.59525
-1.5942
-1.59481
-1.59405
-1.59435
-1.59554
-1.59675
-1.59569
-1.59569
-1.5957
-1.59449
-1.59449
-1.59585
-1.59584
-1.59553
-1.59598
-1.59629
-1.5972
-1.59796
-1.59721
-1.5969
-1.5963
-1.5963
-1.59752
-1.59767
-1.59767
-1.59783
-1.59752
-1.59812
-1.59734
-1.59672
-1.59629
-1.59601
-1.59541
-1.59526
-1.59495
-1.59464
-1.59418
-1.59343
-1.59343
-1.59343
-1.59389
-1.59374
-1.59314
-1.59314
-1.59299
-1.59374
-1.59374
-1.59327
-1.59342
-1.59387
-1.59387
-1.59282
-1.59358
-1.59343
-1.59359
-1.59526
-1.59646
-1.59586
-1.59601
-1.59631
-1.59525
-1.5957
-1.59404
-1.59343
-1.59403
-1.59448
-1.59388
-1.59449
-1.5948
-1.5939
-1.59465
-1.59313
-1.59448
-1.59569
-1.59495
-1.59405
-1.59435
-1.59314
-1.59449
-1.59403
-1.59433
-1.59418
-1.59434
-1.59314
-1.59374
-1.59374
-1.59419
-1.59388
-1.59433
-1.59403
-1.59373
-1.59464
-1.59509
-1.59585
-1.59585
-1.59495
-1.59539
-1.59448
-1.59553
-1.59599
-1.59691
-1.59706
-1.59782
-1.59872
-1.59917
-1.59917
-1.60008
-1.59993
-1.60008
-1.60008
-1.59902
-1.59841
-1.59705
-1.59735
-1.59796
-1.59751
-1.59707
-1.59722
-1.59677
-1.59768
-1.59646
-1.59721
-1.59764
-1.59718
-1.59704
-1.59584
-1.59661
-1.59601
-1.59496
-1.59434
-1.59478
-1.59568
-1.59493
-1.59388
-1.59298
-1.59268
-1.59178
-1.59253
-1.59223
-1.59193
-1.59298
-1.59312
-1.59191
-1.59161
-1.59237
-1.59086
-1.59146
-1.59101
-1.59071
-1.59042
-1.59042
-1.58982
-1.58785
-1.58935
-1.58859
-1.58859
-1.58859
-1.5892
-1.5895
-1.58889
-1.58889
-1.58995
-1.59056
-1.58995
-1.59041
-1.59041
-1.59041
-1.5901
-1.58995
-1.58995
-1.58995
-1.58934
-1.58889
-1.58814
-1.58876
-1.58952
-1.59043
-1.58982
-1.59056
-1.59056
-1.59056
-1.59252
-1.59237
-1.59191
-1.59176
-1.59162
-1.59178
-1.59238
