-6.36475
-6.36207
-6.35382
-6.33923
-6.31504
-6.27988
-6.23225
-6.17069
-6.09067
-5.98869
-5.86548
-5.71772
-5.55494
-5.38409
-5.22039
-5.07886
-4.96828
-4.89528
-4.86096
-4.85786
-4.87572
-4.9064
-4.94013
-4.97334
-5.00129
-5.02277
-5.03523
-5.02032
-4.98575
-4.93824
-4.87765
-4.80665
-4.73067
-4.65938
-4.59917
-4.55541
-4.53136
-4.52522
-4.53605
-4.55785
-4.58247
-4.60059
-4.6139
-4.62606
-4.64461
-4.6704
-4.69851
-4.72218
-4.73608
-4.73788
-4.72863
-4.70653
-4.67237
-4.63093
-4.58317
-4.53492
-4.49895
-4.48366
-4.48315
-4.48061
-4.4667
-4.4421
-4.41511
-4.39369
-4.38999
-4.40827
-4.44348
-4.48285
-4.51373
-4.52747
-4.52697
-4.51971
-4.51689
-4.52516
-4.54243
-4.56105
-4.56625
-4.55412
-4.52889
-4.50349
-4.49219
-4.50121
-4.5237
-4.54975
-4.56871
-4.57699
-4.57463
-4.5616
-4.54148
-4.51976
-4.49949
-4.48546
-4.47645
-4.46412
-4.44642
-4.42568
-4.41049
-4.40872
-4.42597
-4.45319
-4.47944
-4.49858
-4.50681
-4.50263
-4.48624
-4.45999
-4.42764
-4.39129
-4.35703
-4.33333
-4.32418
-4.33055
-4.35094
-4.38566
-4.42629
-4.45953
-4.47672
-4.46833
-4.43622
-4.39161
-4.34063
-4.28647
-4.22981
-4.17287
-4.12122
-4.08514
-4.06996
-4.08042
-4.11173
-4.15943
-4.21521
-4.27164
-4.32167
-4.35894
-4.37979
-4.38755
-4.38671
-4.3884
-4.39211
-4.39333
-4.38569
-4.36752
-4.34515
-4.33153
-4.34089
-4.36863
-4.4074
-4.44258
-4.46667
-4.4804
-4.47799
-4.46666
-4.45187
-4.44485
-4.44694
-4.45431
-4.45964
-4.45844
-4.45016
-4.43632
-4.42073
-4.41062
-4.40583
-4.40749
-4.41131
-4.41642
-4.41981
-4.41495
-4.3968
-4.36743
-4.33394
-4.3115
-4.31221
-4.33733
-4.37231
-4.39946
-4.40605
-4.38711
-4.34721
-4.29284
-4.23501
-4.18451
-4.14992
-4.13082
-4.12763
-4.14427
-4.18831
-4.24592
-4.29725
-4.32597
-4.3317
-4.32251
-4.31314
-4.3123
-4.32028
-4.32861
-4.32634
-4.30474
-4.26677
-4.21562
-4.16318
-4.12153
-4.09971
-4.10456
-4.13228
-4.18133
-4.24054
-4.3041
-4.36223
-4.41101
-4.44385
-4.45724
-4.44797
-4.421
-4.38531
-4.35208
-4.33206
-4.32762
-4.34306
-4.37793
-4.42841
-4.48534
-4.53559
-4.57048
-4.58554
-4.58431
-4.57192
-4.55356
-4.52746
-4.49935
-4.46967
-4.44047
-4.41494
-4.38643
-4.35312
-4.3196
-4.29361
-4.28198
-4.28727
-4.30134
-4.31106
-4.31734
-4.32203
-4.33642
-4.35821
-4.39125
-4.42435
-4.44765
-4.4605
-4.45955
-4.44741
-4.42139
-4.38481
-4.33889
-4.28999
-4.24962
-4.22944
-4.2323
-4.25128
-4.27219
-4.2861
-4.29138
-4.29812
-4.3156
-4.35037
-4.40017
-4.45391
-4.5011
-4.53819
-4.56544
-4.5843
-4.59896
-4.60853
-4.60996
-4.59924
-4.5705
-4.51954
-4.44458
-4.35321
-4.2602
-4.19201
-4.17054
-4.19957
-4.26342
-4.33975
-4.41209
-4.46736
-4.4965
-4.49749
-4.47851
-4.44889
-4.41768
-4.39315
-4.38402
-4.39289
-4.41138
-4.42877
-4.44072
-4.44525
-4.44837
-4.45048
-4.45381
-4.45541
-4.4525
-4.44112
-4.41483
-4.37006
-4.30598
-4.22842
-4.14872
-4.08403
-4.04568
-4.04501
-4.08137
-4.14789
-4.226
-4.29764
-4.35124
-4.38445
-4.39481
-4.38836
-4.37463
-4.35928
-4.34899
-4.34091
-4.33054
-4.31419
-4.29258
-4.26861
-4.24675
-4.23178
-4.22752
-4.24053
-4.26821
-4.30279
-4.33454
-4.35627
-4.36508
-4.36998
-4.37544
-4.38904
-4.41043
-4.43849
-4.46904
-4.50083
-4.53022
-4.55791
-4.58412
-4.6088
-4.6268
-4.63629
-4.63426
-4.61838
-4.59284
-4.57037
-4.55947
-4.55491
-4.54392
-4.51914
-4.48754
-4.46032
-4.44776
-4.45035
-4.46283
-4.47712
-4.48664
-4.48771
-4.47419
-4.44746
-4.40647
-4.35976
-4.31777
-4.29751
-4.30176
-4.32224
-4.34596
-4.36597
-4.37885
-4.38338
-4.37706
-4.358
-4.32359
-4.27524
-4.22043
-4.16581
-4.12015
-4.08963
-4.086
-4.12165
-4.19265
-4.276
-4.35276
-4.41448
-4.45827
-4.48275
-4.49145
-4.48565
-4.46617
-4.43857
-4.41178
-4.39175
-4.37996
-4.37109
-4.35833
-4.33627
-4.31081
-4.29356
-4.30019
-4.33039
-4.38076
-4.44396
-4.5076
-4.55954
-4.58999
-4.58849
-4.5585
-4.51089
-4.46101
-4.41833
-4.38736
-4.36098
-4.3312
-4.29669
-4.25842
-4.22043
-4.19649
-4.20078
-4.23615
-4.29423
-4.35926
-4.41816
-4.46926
-4.51426
-4.5544
-4.58326
-4.58949
-4.56951
-4.52378
-4.45335
-4.3644
-4.2734
-4.21986
-4.22925
-4.281
-4.33614
-4.37632
-4.40277
-4.42484
-4.44836
-4.47367
-4.50056
-4.52706
-4.55108
-4.56728
-4.57161
-4.56191
-4.53496
-4.49107
-4.43237
-4.36976
-4.31946
-4.29479
-4.30144
-4.33691
-4.39623
-4.46568
-4.53497
-4.59541
-4.63846
-4.66021
-4.66393
-4.65146
-4.62381
-4.58554
-4.53417
-4.47569
-4.41772
-4.37136
-4.34621
-4.34309
-4.34729
-4.3451
-4.33644
-4.32422
-4.32449
-4.34061
-4.36665
-4.39226
-4.40675
-4.40135
-4.38223
-4.35533
-4.33838
-4.34055
-4.3591
-4.37847
-4.38973
-4.38828
-4.38146
-4.37522
-4.37375
-4.3755
-4.38147
-4.39242
-4.40358
-4.41053
-4.40757
-4.39327
-4.37397
-4.35668
-4.35617
-4.37502
-4.40812
-4.44148
-4.46641
-4.47965
-4.48318
-4.48092
-4.47682
-4.46945
-4.45953
-4.44639
-4.43098
-4.41948
-4.41758
-4.43422
-4.46945
-4.51415
-4.55487
-4.57819
-4.57437
-4.54247
-4.48121
-4.40381
-4.32706
-4.27563
-4.26591
-4.28807
-4.32166
-4.34297
-4.34302
-4.32348
-4.29723
-4.28173
-4.2851
-4.30405
-4.32675
-4.34308
-4.34587
-4.33463
-4.30562
-4.26129
-4.20992
-4.16316
-4.13507
-4.13206
-4.14758
-4.17126
-4.20538
-4.24638
-4.29232
-4.33577
-4.36773
-4.38092
-4.37585
-4.3665
-4.35841
-4.36123
-4.37441
-4.39558
-4.42111
-4.44892
-4.47945
-4.51171
-4.5426
-4.56994
-4.59464
-4.61365
-4.62586
-4.62995
-4.62642
-4.6166
-4.60373
-4.59384
-4.5959
-4.61138
-4.63111
-4.63706
-4.61849
-4.57455
-4.519
-4.46406
-4.41893
-4.38622
-4.36216
-4.35372
-4.36678
-4.39818
-4.4364
-4.46879
