-1.59132
-1.59208
-1.59253
-1.59193
-1.59193
-1.59208
-1.59297
-1.59403
-1.59418
-1.59433
-1.59479
-1.59389
-1.5939
-1.59391
-1.59405
-1.59435
-1.59267
-1.59312
-1.59342
-1.59297
-1.59252
-1.59297
-1.59328
-1.59238
-1.59268
-1.59269
-1.59193
-1.59057
-1.59132
-1.59101
-1.59026
-1.58951
-1.58967
-1.58952
-1.58921
-1.59042
-1.59102
-1.59071
-1.59116
-1.59282
-1.59251
-1.59206
-1.59132
-1.59132
-1.59253
-1.59344
-1.59405
-1.59481
-1.5942
-1.59434
-1.59449
-1.59448
-1.59539
-1.59554
-1.59373
-1.5951
-1.59449
-1.59418
-1.59403
-1.59388
-1.59403
-1.59509
-1.59464
-1.59434
-1.59404
-1.59494
-1.59463
-1.59539
-1.59509
-1.59584
-1.596
-1.59539
-1.59479
-1.5957
-1.59585
-1.5954
-1.59525
-1.59494
-1.59539
-1.59584
-1.59599
-1.59584
-1.59555
-1.59661
-1.59662
-1.59632
-1.59617
-1.59571
-1.59677
-1.596
-1.59781
-1.59734
-1.59568
-1.59629
-1.596
-1.59541
-1.59572
-1.5942
-1.59404
-1.59419
-1.59494
-1.59554
-1.59584
-1.5966
-1.59615
-1.59584
-1.59599
-1.5966
-1.59706
-1.59645
-1.5954
-1.59645
-1.5963
-1.59659
-1.59614
-1.59553
-1.595
-1.59484
-1.59626
-1.59712
-1.59835
-1.59786
-1.59717
-1.59714
-1.59641
-1.71316
-1.71361
-1.7124
-1.71225
-1.71391
-1.71255
-1.7121
-1.71151
-1.71122
-1.71047
-1.71138
-1.71213
-1.71181
-1.71376
-1.71375
-1.71391
-1.71377
-1.71498
-1.71498
-1.71529
-1.71438
-1.71544
-1.71544
-1.71514
-1.71514
-1.71559
-1.71649
-1.71619
-1.71559
-1.71393
-1.71377
-1.71498
-1.71467
-1.71406
-1.71452
-1.71407
-1.71378
-1.71333
-1.71379
-1.71394
-1.71424
-1.71333
-1.71333
-1.71392
-1.71347
-1.71483
-1.71543
-1.71574
-1.71559
-1.71498
-1.71559
-1.71544
-1.71469
-1.71393
-1.71287
-1.71287
-1.71197
-1.71257
-1.71272
-1.71287
-1.71287
-1.71392
-1.71347
-1.71376
-1.71436
-1.71316
-1.71287
-1.71363
-1.71302
-1.71272
-1.71226
-1.71317
-1.71256
-1.71166
-1.71362
-1.71332
-1.71272
-1.71151
-1.71197
-1.71166
-1.71271
-1.71196
-1.71226
-1.71256
-1.71271
-1.71271
-1.7124
-1.71165
-1.71135
-1.71196
-1.71242
-1.71121
-1.7103
-1.71165
-1.71195
-1.71241
-1.71211
-1.7118
-1.71165
-1.71166
-1.71151
-1.71076
-1.71045
-1.71151
-1.71136
-1.71227
-1.71226
-1.71166
-1.71227
-1.71257
-1.71212
-1.71181
-1.7112
-1.71044
-1.71119
-1.71183
-1.71121
-1.71034
-1.71005
-1.70993
-1.7109
-1.71244
-1.71266
-1.71279
-1.71254
-1.52054
-1.52024
-1.5207
-1.5207
-1.52041
-1.52267
-1.52313
-1.52358
-1.52464
-1.52388
-1.52387
-1.52327
-1.52191
-1.52207
-1.52389
-1.52374
-1.52253
-1.52268
-1.52207
-1.52191
-1.52055
-1.52055
-1.521
-1.5207
-1.52131
-1.52178
-1.52118
-1.51951
-1.51951
-1.5192
-1.51874
-1.5192
-1.51846
-1.51831
-1.51981
-1.51951
-1.51936
-1.51966
-1.5189
-1.51905
-1.51829
-1.51875
-1.51799
-1.51875
-1.5183
-1.5183
-1.5192
-1.51935
-1.5198
-1.52086
-1.51966
-1.51966
-1.52042
-1.51996
-1.52041
-1.52026
-1.5192
-1.5201
-1.52086
-1.5201
-1.52131
-1.52177
-1.52253
-1.52238
-1.52238
-1.52193
-1.52177
-1.52162
-1.52087
-1.51951
-1.51997
-1.52102
-1.52133
-1.52148
-1.52208
-1.52178
-1.52117
-1.52147
-1.52206
-1.52205
-1.52252
-1.52148
-1.52163
-1.52238
-1.52147
-1.52072
-1.52148
-1.51937
-1.52074
-1.52058
-1.52178
-1.52238
-1.52222
-1.52162
-1.52222
-1.52283
-1.52359
-1.5245
-1.52435
-1.52435
-1.52526
-1.52616
-1.52616
-1.52676
-1.5251
-1.5248
-1.52525
-1.52435
-1.52405
-1.5236
-1.52526
-1.52571
-1.52571
-1.52631
-1.5251
-1.52921
-1.52955
-1.52728
-1.52727
-1.52568
-1.52486
-1.526
-1.5258
-1.52579
-1.52621
-1.36567
-1.36582
-1.36627
-1.36431
-1.36385
-1.3631
-1.36234
-1.36189
-1.36052
-1.36112
-1.36006
-1.35946
-1.36006
-1.35991
-1.35931
-1.35886
-1.35932
-1.35932
-1.35918
-1.35979
-1.35978
-1.36037
-1.36021
-1.36051
-1.36096
-1.36006
-1.35992
-1.36159
-1.36099
-1.36114
-1.36098
-1.36188
-1.36006
-1.3596
-1.35991
-1.35871
-1.35931
-1.36022
-1.36082
-1.35946
-1.35977
-1.35887
-1.35813
-1.35888
-1.35902
-1.35826
-1.35795
-1.359
-1.3581
-1.35885
-1.35735
-1.3572
-1.35736
-1.35751
-1.35902
-1.35887
-1.35842
-1.35751
-1.35811
-1.35794
-1.35839
-1.36005
-1.36051
-1.36022
-1.35993
-1.35993
-1.36022
-1.36037
-1.35885
-1.35855
-1.35885
-1.35749
-1.35779
-1.35885
-1.3581
-1.3584
-1.35824
-1.35779
-1.35945
-1.35931
-1.36007
-1.36053
-1.36008
-1.35992
-1.36142
-1.36277
-1.36368
-1.36323
-1.36294
-1.36248
-1.36233
-1.36173
-1.36157
-1.36157
-1.36112
-1.36173
-1.36052
-1.35962
-1.35916
-1.36022
-1.36021
-1.35991
-1.35961
-1.35916
-1.35917
-1.35947
-1.35962
-1.35976
-1.35914
-1.35944
-1.3599
-1.36112
-1.36098
-1.36083
-1.36068
-1.36098
-1.36091
-1.36063
-1.36041
-1.36017
-1.3595
-1.35903
-1.35923
-1.36043
-1.36183
-1.42663
-1.42617
-1.42722
-1.42752
-1.42753
-1.42815
-1.42785
-1.42845
-1.4283
-1.4283
-1.42724
-1.42739
-1.42708
-1.42707
-1.42738
-1.42755
-1.42665
-1.42695
-1.4283
-1.4301
-1.4307
-1.43024
-1.4307
-1.42965
-1.42996
-1.4283
-1.42709
-1.42694
-1.42769
-1.42859
-1.42723
-1.42768
-1.42889
-1.42859
-1.4283
-1.4283
-1.4286
-1.42799
-1.42859
-1.42829
-1.42844
-1.42769
-1.42724
-1.4277
-1.428
-1.4286
-1.4292
-1.42919
-1.42919
-1.4298
-1.42921
-1.42679
-1.42588
-1.42543
-1.42558
-1.4271
-1.42695
-1.42649
-1.42633
-1.42693
-1.42708
-1.42845
-1.4286
-1.4286
-1.42995
-1.43161
-1.431
-1.43221
-1.43116
-1.43132
-1.42935
-1.42906
-1.43042
-1.42997
-1.42966
-1.43026
-1.43071
-1.43161
-1.43025
-1.42965
-1.42815
-1.42875
-1.4286
-1.42829
-1.42708
-1.42648
-1.42558
-1.42664
-1.42634
-1.42709
-1.42784
-1.4289
-1.42951
-1.42996
-1.42996
-1.43011
-1.42966
-1.42936
-1.4283
-1.42982
-1.43087
-1.43071
-1.4298
-1.4301
-1.43026
-1.43147
-1.43132
-1.43087
-1.43041
-1.43177
-1.43132
-1.43117
-1.43163
-1.42936
-1.42755
-1.4271
-1.42785
-1.4277
-1.42891
-1.42785
-1.42785
-1.42876
-1.42847
-1.42832
-1.42832
-1.42816
-1.4277
-1.42906
-1.42785
-1.42709
-1.42754
-1.428
-1.42755
-1.42559
-1.42514
-1.42423
-1.42468
-1.42483
-1.42438
-1.42469
-1.42545
-1.42651
-1.42756
-1.42665
-1.42679
-1.42694
-1.42618
-1.42679
-1.42695
-1.42695
-1.42665
-1.4265
-1.42605
-1.42666
-1.42681
-1.42726
-1.4271
-1.42679
-1.42588
-1.42618
-1.42573
-1.42468
-1.42469
-1.42484
-1.42559
-1.42589
-1.42528
-1.42513
-1.42588
-1.42529
-1.42469
-1.42378
-1.42393
-1.42514
-1.4259
-1.42605
-1.42529
-1.42544
-1.42559
-1.42589
-1.42664
-1.42604
-1.42636
-1.42561
-1.42681
-1.42801
-1.42891
-1.43057
-1.42937
-1.42907
-1.42832
-1.42907
-1.42922
-1.42891
-1.42846
-1.42937
-1.42877
-1.42771
-1.42651
-1.42575
-1.42499
-1.42529
-1.42574
-1.42589
-1.4265
-1.4259
-1.42621
-1.42545
-1.42455
-1.42364
-1.42303
-1.42182
-1.42212
-1.42152
-1.42242
-1.42288
-1.42198
-1.42153
-1.42198
-1.42062
-1.42031
-1.41971
-1.42017
-1.42078
-1.42199
-1.42243
-1.42394
-1.42409
-1.42515
-1.42516
-1.42501
-1.42696
-1.42725
-1.4274
-1.4271
-1.42696
-1.42667
-1.42697
-1.42758
-1.42818
-1.42727
-1.42636
-1.4262
-1.42665
-1.42741
-1.42756
-1.42801
-1.42892
-1.42863
-1.42802
-1.42833
-1.42681
-1.42651
-1.42681
-1.42666
-1.42575
-1.42559
-1.42559
-1.42574
-1.42483
-1.42453
-1.42544
-1.42454
-1.42409
-1.42515
-1.42559
-1.4271
-1.42771
-1.42771
-1.42847
-1.42847
-1.42892
-1.42817
-1.42983
-1.42982
-1.42892
-1.42952
-1.43088
-1.43118
-1.43058
-1.43103
-1.43088
-1.43164
-1.43133
-1.43103
-1.43012
-1.42905
-1.4289
-1.42861
-1.42846
-1.42771
-1.42726
-1.42575
-1.4253
-1.42575
-1.42696
-1.42665
-1.4259
-1.4271
-1.4268
-1.42589
-1.4271
-1.42694
-1.4274
-1.42906
-1.42937
-1.43012
-1.42891
-1.42876
-1.42831
-1.42817
-1.42787
-1.42758
-1.42849
-1.42697
-1.4274
-1.42724
-1.42679
-1.42755
-1.42741
-1.42696
-1.42621
-1.42591
-1.42606
-1.42606
-1.4256
-1.42408
-1.42287
-1.42272
-1.42303
-1.42228
-1.42244
-1.42305
-1.42395
-1.42423
-1.42467
-1.42482
-1.42424
-1.42334
-1.42319
-1.4244
-1.42319
-1.42379
-1.42379
-1.42469
-1.42423
-1.42513
-1.42452
-1.42679
-1.42695
-1.42545
-1.42439
-1.42364
-1.4253
-1.42605
-1.4262
-1.42695
-1.4271
-1.4265
-1.4265
-1.4271
-1.42649
-1.42648
-1.42708
-1.42603
-1.42665
-1.42651
-1.42667
-1.42591
-1.42636
-1.42666
-1.4274
-1.4274
-1.42786
-1.42831
-1.4277
-1.42786
-1.42816
-1.42922
-1.42982
-1.42922
-1.42892
-1.42906
-1.4286
-1.4289
-1.42889
-1.42753
-1.42769
-1.42619
-1.42514
-1.42529
-1.42589
-1.42559
-1.42543
-1.42513
-1.42559
-1.42694
-1.42664
-1.42664
-1.42679
-1.4274
-1.4271
-1.42831
-1.42845
-1.42739
-1.42663
-1.42663
-1.42648
-1.42663
-1.42754
-1.42679
-1.42664
-1.42664
-1.42664
-1.42679
-1.42648
-1.42618
-1.42618
-1.42724
-1.42664
-1.42558
-1.42755
-1.42724
-1.428
-1.42724
-1.42709
-1.42648
-1.42603
-1.42543
-1.42483
-1.42513
-1.42589
-1.42499
-1.42483
-1.42649
-1.42678
-1.42739
-1.42784
-1.42558
-1.42558
-1.42499
-1.42499
-1.42408
-1.42408
-1.42467
-1.42376
-1.42436
-1.42452
-1.42482
-1.42513
-1.42393
-1.42393
-1.425
-1.42545
-1.42484
-1.42528
-1.42452
-1.42528
-1.42483
-1.42529
-1.42574
-1.42558
-1.42543
-1.42649
-1.42786
-1.42831
-1.4265
-1.42696
-1.42801
-1.42801
-1.42861
-1.42785
-1.42875
-1.42845
-1.4292
-1.42905
-1.4289
-1.42845
-1.42906
-1.42665
-1.42816
-1.42892
-1.42892
-1.42892
-1.42921
-1.4289
-1.42935
-1.43026
-1.43011
-1.42996
-1.42951
-1.4283
-1.42785
-1.428
-1.42785
-1.42725
-1.4265
-1.42589
-1.42528
-1.42483
-1.42528
-1.42513
-1.42483
-1.42483
-1.42468
-1.42513
-1.42453
-1.42559
-1.4265
-1.4265
-1.4265
-1.42483
-1.42377
-1.42317
-1.42287
-1.42151
-1.42075
-1.42165
-1.42165
-1.42074
-1.42271
-1.42378
-1.42288
-1.42288
-1.42242
-1.42317
-1.42301
-1.42256
-1.42196
-1.42272
-1.42302
-1.42407
-1.42331
-1.42406
-1.42527
-1.42422
-1.42497
-1.42392
-1.42361
-1.42558
-1.42498
-1.42437
-1.42453
-1.42408
-1.42377
-1.42346
-1.42285
-1.4233
-1.42377
-1.42407
-1.42408
-1.42332
-1.42272
-1.42347
-1.42437
-1.42587
-1.42784
-1.42603
-1.42558
-1.42544
-1.42544
-1.42649
-1.42738
-1.42722
-1.42753
-1.42648
-1.4265
-1.42575
-1.42454
-1.42438
-1.42423
-1.42437
-1.42421
-1.42345
-1.4224
-1.42104
-1.4215
-1.42256
-1.42467
-1.42513
-1.42664
-1.42724
-1.42678
-1.42723
-1.42693
-1.42844
-1.42905
-1.4292
-1.4283
-1.4283
-1.42875
-1.4289
-1.42859
-1.42965
-1.42936
-1.42906
-1.42846
-1.42861
-1.42709
-1.42512
-1.42375
-1.42451
-1.4233
-1.42317
-1.42333
-1.42363
-1.42272
-1.42332
-1.42361
-1.4233
-1.42284
-1.4239
-1.4236
-1.423
-1.423
-1.42466
-1.42557
-1.42558
-1.42543
-1.42467
-1.42513
-1.42437
-1.42452
-1.42376
-1.423
-1.42239
-1.42179
-1.423
-1.42164
-1.42225
-1.42241
-1.42332
-1.42362
-1.42392
-1.42558
-1.42648
-1.42512
-1.42375
-1.42405
-1.42315
-1.42285
-1.42437
-1.42437
-1.42573
-1.42604
-1.42603
-1.42694
-1.42784
-1.42843
-1.42964
-1.42873
-1.42919
-1.4298
-1.43116
-1.42951
-1.42951
-1.43011
-1.42965
-1.42919
-1.42995
-1.42905
-1.42966
-1.42997
-1.43027
-1.42921
-1.42875
-1.42905
-1.42981
-1.42935
-1.4295
-1.42995
-1.43054
-1.42902
-1.43008
-1.43146
-1.43193
-1.43133
-1.42996
-1.43056
-1.4301
-1.42994
-1.43055
-1.43086
-1.43207
-1.43267
-1.43101
-1.43085
-1.43266
-1.43191
-1.43176
-1.43297
-1.43297
-1.43115
-1.43191
-1.431
-1.43056
-1.4295
-1.42874
-1.42995
-1.42934
-1.42919
-1.42813
-1.42829
-1.42829
-1.42874
-1.42813
-1.42738
-1.42769
-1.42693
-1.42769
-1.42874
-1.42904
-1.43025
-1.42935
-1.42905
-1.42966
-1.43026
-1.42995
-1.42919
-1.42873
-1.42934
-1.43132
-1.43102
-1.43041
-1.43056
-1.4295
-1.42905
-1.42844
-1.42889
-1.42843
-1.42859
-1.42874
-1.42934
-1.43025
-1.42995
-1.42935
-1.4286
-1.42966
-1.42996
-1.43026
-1.4307
-1.43009
-1.42888
-1.42994
-1.42859
-1.4289
-1.42816
-1.4277
-1.42679
-1.42723
-1.42723
-1.42784
-1.42709
-1.42679
-1.42709
-1.42814
-1.42798
-1.42753
-1.42663
-1.42558
-1.42452
-1.42436
-1.42481
-1.42526
-1.42451
-1.42437
-1.42346
-1.42391
-1.42451
-1.42314
-1.42238
-1.42148
-1.42133
-1.42361
-1.42316
-1.42422
-1.42572
-1.42647
-1.42421
-1.42466
-1.42482
-1.42482
-1.42557
-1.42572
-1.42557
-1.42587
-1.42587
-1.42602
-1.42617
-1.42677
-1.42768
-1.42647
-1.42617
-1.42451
-1.42496
-1.42557
-1.42511
-1.42526
-1.42586
-1.42662
-1.42587
-1.42633
-1.42588
-1.42572
-1.42481
-1.42496
-1.42481
-1.42497
-1.42542
-1.42527
-1.42482
-1.42542
-1.42511
-1.42586
-1.42632
-1.42481
-1.42572
-1.42573
-1.42588
-1.42603
-1.42557
-1.42526
-1.42495
-1.42556
-1.42541
-1.42497
-1.42558
-1.42664
-1.42679
-1.42542
-1.42587
-1.42693
-1.42632
-1.42633
-1.42512
-1.42557
-1.42723
-1.42662
-1.42632
-1.42678
-1.42648
-1.42542
-1.42587
-1.42497
-1.42422
-1.42392
-1.42543
-1.42467
-1.42482
-1.42497
-1.42513
-1.42391
-1.42421
-1.42496
-1.42511
-1.42466
-1.42435
-1.4242
-1.4239
-1.42451
-1.42527
-1.42512
-1.42512
-1.42496
-1.42556
-1.42526
-1.42406
-1.423
-1.42195
-1.42225
-1.42315
-1.4236
-1.42466
-1.42436
-1.42437
-1.42407
-1.42467
-1.42421
-1.42572
-1.42572
-1.42632
-1.42542
-1.42482
-1.42527
-1.42527
-1.42587
-1.42603
-1.42663
-1.42723
-1.42723
-1.42844
-1.42754
-1.4277
-1.428
-1.42859
-1.42828
-1.42767
-1.42571
-1.42496
-1.42527
-1.42588
-1.42543
-1.42513
-1.42482
-1.42527
-1.42496
-1.42466
-1.42421
-1.42437
-1.42452
-1.42543
-1.42634
-1.42559
-1.42498
-1.42483
-1.42573
-1.42558
-1.42481
-1.42435
-1.4242
-1.42346
-1.42256
-1.42256
-1.42256
-1.42347
-1.42332
-1.42316
-1.42271
-1.42331
-1.42482
-1.42482
-1.42512
-1.42362
-1.42332
-1.42241
-1.42135
-1.42134
-1.42043
-1.42072
-1.42042
-1.42012
-1.42044
-1.41999
-1.42105
-1.4209
-1.42105
-1.42165
-1.42165
-1.4218
-1.42073
-1.42073
-1.41937
-1.42044
-1.42074
-1.42164
-1.42194
-1.42179
-1.42301
-1.42362
-1.42438
-1.42468
-1.42468
-1.42437
-1.42406
-1.42526
-1.42466
-1.42421
-1.42526
-1.4245
-1.42375
-1.42451
-1.42376
-1.42302
-1.42347
-1.42362
-1.42437
-1.42345
-1.42269
-1.42405
-1.42406
-1.42528
-1.42529
-1.42499
-1.42559
-1.42619
-1.42558
-1.42677
-1.42812
-1.42858
-1.42768
-1.42754
-1.42709
-1.42664
-1.42695
-1.42695
-1.42664
-1.42618
-1.42647
-1.42647
-1.42586
