2.89543
2.90186
2.89775
2.88196
2.85133
2.80853
2.76649
2.73976
2.73449
2.75055
2.78439
2.82451
2.85243
2.85306
2.82317
2.77115
2.71155
2.65783
2.61768
2.59359
2.5865
2.59689
2.62235
2.6562
2.68981
2.71498
2.72546
2.71978
2.70453
2.69264
2.69402
2.70598
2.71524
2.70946
2.68586
2.65034
2.61082
2.5732
2.54433
2.53447
2.55292
2.60083
2.67002
2.74848
2.8258
2.89328
2.94209
2.96524
2.96175
2.93718
2.90102
2.86382
2.83429
2.81538
2.80264
2.78818
2.76719
2.74108
2.71633
2.70063
2.69776
2.70472
2.7135
2.71598
2.70805
2.69189
2.67566
2.66917
2.67697
2.69654
2.72256
2.75052
2.7772
2.79963
2.81483
2.82095
2.81791
2.80801
2.79659
2.79233
2.8045
2.83656
2.88199
2.9277
2.96141
2.97628
2.97042
2.9448
2.90187
2.84678
2.78988
2.74727
2.735
2.75813
2.80551
2.85568
2.8893
2.89871
2.88869
2.86973
2.851
2.83815
2.83372
2.8372
2.84608
2.85883
2.87649
2.90021
2.92712
2.9506
2.96463
2.96749
2.96227
2.95479
2.95028
2.95074
2.95587
2.96412
2.97501
2.98587
2.99231
2.99105
2.98176
2.9661
2.94598
2.8059
2.78348
2.76552
2.75785
2.76672
2.79424
2.83518
2.8782
2.9097
2.91756
2.89358
2.83597
2.75334
2.66726
2.60398
2.57575
2.57654
2.59608
2.62727
2.66393
2.69934
2.72765
2.74565
2.75327
2.75281
2.74755
2.73998
2.73
2.71547
2.69501
2.67075
2.64872
2.6368
2.64183
2.66683
2.70906
2.76088
2.81317
2.85795
2.88804
2.89785
2.88666
2.8606
2.83029
2.80592
2.79395
2.7965
2.81199
2.83646
2.8657
2.8962
2.9238
2.94354
2.95174
2.94773
2.93318
2.90952
2.87675
2.83485
2.7859
2.73419
2.68444
2.64149
2.6126
2.60604
2.62357
2.65625
2.69103
2.71928
2.73886
2.75136
2.75886
2.76226
2.76225
2.76102
2.76105
2.76134
2.75564
2.73598
2.69882
2.64861
2.59539
2.54784
2.50874
2.47714
2.4539
2.44318
2.44791
2.46493
2.48526
2.49947
2.50334
2.49977
2.49616
2.49944
2.51269
2.53533
2.56622
2.60564
2.65331
2.70429
2.75069
2.78815
2.81675
2.83664
2.84719
2.84859
2.84107
2.8234
2.7941
2.75398
2.70715
2.65949
2.61723
2.58815
2.58166
2.6024
2.64159
2.68272
2.71028
2.71648
2.70177
2.67243
2.63825
2.61026
2.78703
2.79177
2.8118
2.84067
2.87113
2.89801
2.91824
2.92907
2.92822
2.9167
2.90155
2.89354
2.89833
2.9102
2.9168
2.90869
2.88353
2.84484
2.79908
2.75369
2.716
2.6927
2.6889
2.70648
2.74133
2.78205
2.81464
2.83098
2.83304
2.83022
2.8327
2.8438
2.8571
2.8632
2.85854
2.84572
2.82855
2.80935
2.79009
2.77314
2.76078
2.75476
2.756
2.76354
2.77417
2.7843
2.79236
2.79929
2.80644
2.81315
2.81621
2.81177
2.79783
2.77562
2.74975
2.72586
2.70769
2.69803
2.70091
2.71906
2.75129
2.79395
2.84195
2.88929
2.93087
2.96446
2.99061
3.01099
3.02671
3.03713
3.03957
3.03044
3.00723
2.96953
2.91853
2.8564
2.7869
2.71753
2.66328
2.64589
2.67536
2.73378
2.79431
2.84536
2.88978
2.93214
2.96932
2.99053
2.98478
2.9493
2.89365
2.83521
2.78766
2.7572
2.74736
2.75916
2.78714
2.82026
2.84797
2.86574
2.87477
2.87776
2.87751
2.87877
2.88664
2.90193
2.92086
2.93886
2.95273
2.95913
2.95343
2.93116
2.8909
2.83561
2.7721
2.7063
2.6539
2.61962
2.60849
2.62124
2.65382
2.69826
2.74497
2.78577
2.816
2.99633
3.00657
3.00873
3.00383
2.9894
2.96165
2.91876
2.86333
2.8022
2.74434
2.69854
2.67142
2.66629
2.68343
2.72102
2.77462
2.83668
2.89719
2.94492
2.97034
2.97119
2.95638
2.94304
2.9471
2.97485
3.02155
3.07511
3.12191
3.15144
3.15847
3.14451
3.11858
3.09472
3.08505
3.09276
3.11114
3.13
3.14274
3.14901
3.15198
3.15239
3.14424
3.11693
3.0641
2.99111
2.91155
2.83772
2.77966
2.74628
2.74033
2.75594
2.78243
2.80973
2.83158
2.84528
2.84931
2.84185
2.82176
2.79181
2.76171
2.74667
2.75974
2.8022
2.86128
2.91811
2.95853
2.97837
2.98225
2.97889
2.97632
2.97904
2.98707
2.99694
3.00419
3.00622
3.00394
3.0016
3.00428
3.01433
3.02874
3.03898
3.03473
3.00985
2.96739
2.91936
2.88008
2.85763
2.85088
2.85358
2.85981
2.8664
2.87359
2.88504
2.90604
2.93799
2.97538
3.00967
3.03515
3.0507
3.05807
3.05978
3.05784
3.05231
3.04001
3.01514
2.97271
2.91362
2.84769
2.79161
2.76238
2.76855
2.80369
2.85074
2.89334
2.92092
2.92917
2.91963
2.90163
2.88608
2.88183
2.89183
2.91193
2.93305
2.94558
2.94482
2.86986
2.86342
2.87434
2.90843
2.95935
3.01334
3.0579
3.08721
3.10171
3.10476
3.09948
3.089
3.07889
3.077
3.08631
3.09741
3.09395
3.06598
3.01624
2.95759
2.90646
2.87554
2.86831
2.87828
2.89432
2.90741
2.91311
2.91029
2.90072
2.88889
2.88086
2.88165
2.89251
2.90988
2.92695
2.93699
2.93626
2.92551
2.90958
2.89512
2.88704
2.88504
2.88311
2.87325
2.85074
2.81695
2.77913
2.7484
2.73496
2.74112
2.75948
2.78016
2.79904
2.81896
2.84299
2.8673
2.88354
2.88912
2.89231
2.90498
2.93122
2.96459
2.99436
3.01356
3.02346
3.03193
3.047
3.07099
3.10022
3.12845
3.14954
3.15868
3.15271
3.13108
3.09599
3.05221
3.00635
2.96555
2.9352
2.91607
2.90455
2.89603
2.88858
2.88372
2.88476
2.89405
2.91077
2.93078
2.94894
2.96267
2.97389
2.98591
2.9982
3.00628
3.00706
3.00206
2.99473
2.98561
2.97099
2.94629
2.91148
2.87312
2.84151
2.82465
2.82446
2.8369
2.85523
2.87469
2.89516
2.91828
2.94326
2.96713
2.98761
3.0036
3.01403
3.01786
3.01634
3.01364
3.01348
3.01585
3.019
3.02229
3.02233
3.01025
2.97881
2.92933
2.87044
2.81257
2.76362
2.72839
2.7093
2.70633
2.71637
2.73397
2.75386
2.77436
2.79856
2.83132
2.87304
2.91527
2.94528
2.95583
2.9494
2.93459
2.92104
2.91728
2.92977
2.9605
3.00561
3.05833
3.11285
3.16331
3.20155
3.21912
3.21154
3.17974
3.12969
3.07171
3.01824
2.97943
2.95808
2.94805
2.93852
2.92079
2.89349
2.86278
2.83806
2.8264
2.82924
2.84295
2.86143
2.87886
2.89177
2.89966
2.90341
2.90336
2.89938
2.89216
2.88521
2.88542
2.89963
2.92778
2.96014
2.98288
2.98796
2.97864
2.9671
2.96474
2.97372
2.98804
3.00017
3.00624
3.00786
3.01035
3.01787
3.02988
3.04186
3.04904
3.0495
3.04436
3.03624
3.02809
3.02312
3.02375
3.02965
3.03679
3.03908
3.03164
3.01333
2.98716
2.95788
2.92916
2.90323
2.88246
2.86937
2.86462
2.86582
2.8675
2.86336
2.85209
2.84077
2.83561
2.8309
2.81478
2.78126
2.73421
2.68488
2.64417
2.61267
2.58027
2.53846
2.49133
2.45518
2.44669
2.4689
2.51101
2.55964
2.60504
2.63946
2.6573
2.65838
2.64919
2.64
2.63997
2.65382
2.6827
2.72651
2.78193
2.84001
2.88999
2.92567
2.94703
2.95721
2.95955
2.95626
2.94872
2.93867
2.93027
2.93042
2.94523
2.97516
3.01404
3.05245
3.08225
3.09991
3.10814
3.11412
3.12382
3.13727
3.14995
3.15689
3.15442
3.14073
3.1169
3.0865
3.05262
3.01586
2.97529
2.93112
2.88661
2.84662
2.81403
2.78761
2.76407
2.74286
2.7288
2.73022
2.75388
2.79962
2.85935
2.92194
2.98038
3.03282
3.077
3.10774
3.12121
3.11805
3.10184
3.07599
3.04295
3.00628
2.97278
2.95036
2.94267
2.94689
2.95734
2.96975
2.98247
2.99556
3.00872
3.01873
3.01841
2.99781
2.94776
2.86696
2.77093
2.69068
2.64959
2.64621
2.66877
2.70893
2.75725
2.80153
2.83242
2.84689
2.84955
2.85158
2.86421
2.89129
2.92749
2.9624
2.98485
2.98504
2.95932
2.92007
2.89717
2.91478
2.9668
3.02801
3.07881
3.11135
3.12321
3.1129
3.0805
3.03026
2.97233
2.92171
2.89344
2.89504
2.9218
2.95964
2.99321
3.01168
3.01058
2.9915
2.96051
2.9249
2.88914
2.85329
2.81543
2.776
2.74099
2.7214
2.7286
2.76726
2.83055
2.90178
2.9618
2.99713
3.00449
2.99072
2.96805
2.94701
2.93156
2.92042
2.91227
2.90759
2.90554
2.90245
2.89374
2.87607
2.84889
2.81601
2.78505
2.7652
2.76655
2.79801
2.85922
2.93598
3.00987
3.07001
3.11494
3.14786
3.17161
3.18659
3.19179
3.18701
3.17404
3.15565
3.13351
3.10644
3.07063
3.02279
2.96454
2.90377
2.85082
2.81314
2.79346
2.79127
2.80387
2.82654
2.85317
2.87739
2.89442
2.90281
2.90534
2.90803
2.91668
2.93316
2.95472
2.97691
2.99627
3.01066
3.01877
3.02052
3.01815
3.01681
3.02275
3.03914
3.06316
3.08716
3.10303
3.10588
3.09575
3.0773
3.05808
3.04572
3.0449
3.05456
3.06712
3.07119
3.05731
3.02237
2.97105
2.91384
2.86281
2.82763
2.81378
2.82218
2.84882
2.88474
2.91741
2.93447
2.9286
2.90212
2.86794
2.84327
2.83732
2.84383
2.84896
2.84711
2.8456
2.85474
2.87632
2.9035
2.92791
2.94299
2.94422
2.92942
2.89947
2.85891
2.81509
2.77523
2.74411
2.72481
2.72138
2.73805
2.77387
2.81999
2.86437
2.89785
2.91555
2.91559
2.89875
2.87013
2.83959
2.8177
2.81026
2.81709
2.83497
2.86045
2.89122
2.92602
2.96368
3.00151
3.03425
3.05623
3.06486
3.06246
3.05475
3.04735
3.04239
3.03866
3.03424
3.02821
3.02041
3.01041
2.9969
2.97784
2.95199
2.91966
2.88212
2.84215
2.80422
2.77155
2.74343
2.71822
2.69934
2.69607
2.71673
2.76137
2.82033
2.87866
2.92257
2.94548
2.95043
2.94663
2.94135
2.93419
2.91944
2.89341
2.85933
2.82645
2.80375
2.79381
2.79411
2.80247
2.81813
2.83917
2.8625
2.88598
2.90881
2.92984
2.94638
2.95636
2.96352
2.97993
3.01713
3.07247
3.13093
3.17859
3.20864
3.21936
3.21228
3.19259
3.16875
3.14926
3.13714
3.12658
3.10592
3.06616
3.01032
2.95706
2.93088
2.94255
2.98122
3.0261
3.05918
3.06962
3.05478
3.01982
2.97475
2.93065
2.89721
2.87983
2.87729
2.88348
2.89147
2.89603
2.89377
2.88261
2.86346
2.84219
2.82743
2.82462
2.83318
2.84968
2.87061
2.89231
2.91083
2.92395
2.93414
2.94856
2.97388
3.0089
3.04305
3.06414
3.06832
3.06241
3.05751
3.06293
3.08585
3.12834
3.17979
3.22016
3.233
3.21277
3.16423
3.09906
3.03116
2.97188
2.92751
2.89942
2.88605
2.88453
2.89104
2.90099
2.90908
2.91041
2.90165
2.88166
2.85135
2.8132
2.77085
2.7292
2.69506
2.67567
2.6754
2.69337
2.72386
2.75863
2.78987
2.81236
2.82451
2.82809
2.82684
2.82614
2.83327
2.85562
2.8958
2.94858
3.00348
3.04978
3.07956
3.0882
3.07443
3.04078
2.99425
2.94579
2.90697
2.88558
2.88317
2.8962
2.91763
2.93875
2.95256
2.95782
2.96095
2.97307
3.0014
3.04163
3.08064
3.10586
3.11106
3.09698
3.0686
3.03142
2.9888
2.94179
2.89193
2.84509
2.8133
2.81424
2.86546
2.96404
3.07786
3.1736
3.23871
3.27775
3.30242
3.32327
3.3436
3.35829
3.35884
3.33972
3.30143
3.2497
3.19214
3.13472
3.08007
3.02865
2.98166
2.94302
2.91688
2.90307
2.89689
2.89302
2.88816
2.88164
2.87625
2.87703
2.88667
2.90222
2.91805
2.93133
2.94321
2.95557
2.96716
2.97381
2.97254
2.96479
2.9547
2.94522
2.93602
2.92355
2.90271
2.8708
2.83252
2.8011
2.79066
2.80487
2.83502
2.86899
2.89853
2.91982
2.93213
2.93639
2.93499
2.93249
2.93457
2.94435
2.96067
2.98054
3.00293
3.02887
3.05676
3.07991
3.09064
3.08491
3.06388
3.03522
3.01267
3.00892
3.02669
3.05763
3.08745
3.10136
3.08958
3.05179
2.99796
2.9436
2.89986
2.86464
2.82623
2.77842
2.72999
2.69848
2.69441
2.71204
2.73577
2.75434
2.76844
2.78642
2.81429
2.84909
2.88123
2.9014
2.90609
2.89929
2.89042
2.88944
2.90198
2.92675
2.95684
2.98391
3.00282
3.01405
3.02233
3.03216
3.04371
3.05294
3.05468
3.04555
3.02559
2.99817
2.96792
2.93857
2.91202
2.8887
2.86813
2.84959
2.83253
2.81626
2.79936
2.78087
2.76248
2.74903
2.74603
2.7565
2.77947
2.81018
2.8418
2.8687
2.88985
2.90879
2.92991
2.95453
2.97928
2.9975
3.00282
2.99291
2.97121
2.94601
2.92724
2.92179
2.92997
2.94449
2.95387
2.94897
2.92787
2.89645
2.86613
2.84939
2.85414
2.87959
2.91678
2.95349
2.98019
2.99313
2.99423
2.98816
2.97962
2.97226
2.9677
2.96467
2.96134
2.95929
2.96278
2.97319
2.98663
2.99801
3.00567
3.0114
3.01665
3.01947
3.0153
3.0025
2.98543
2.96858
2.94947
2.92203
2.88448
2.84063
2.7968
2.7592
2.73309
2.72176
2.72521
2.7398
2.75963
2.77867
2.79301
2.80309
2.81432
2.83374
2.86422
2.90324
2.94601
2.98782
3.02521
3.05787
3.08942
3.12428
3.16214
3.19633
3.21896
3.22671
3.22216
3.21107
3.19874
3.18772
3.17757
3.16607
3.15146
3.13348
3.11253
3.0886
3.0617
3.03294
3.00395
2.97481
2.94312
2.9052
2.859
2.80824
2.76379
2.73953
2.74457
2.77818
2.82988
2.88463
2.93007
2.96093
2.97862
2.98817
2.99482
3.00216
3.01159
3.02176
3.02811
3.02398
3.00379
2.96576
2.91192
2.84596
2.77171
2.69453
2.62471
2.57836
2.56896
2.59449
2.63844
2.68445
2.72509
2.75977
2.78887
2.8121
2.8319
2.85451
2.88517
2.92377
2.96607
3.00688
3.041
3.06386
3.07301
3.07035
3.06365
3.06478
3.08383
3.12221
3.17071
3.21438
3.23964
3.2391
3.21225
3.16298
3.09671
3.02106
2.94862
2.89388
2.86271
2.84747
2.83625
2.82516
2.82004
2.82701
2.84314
2.8567
2.85442
2.82859
2.78076
2.72057
2.66108
2.61253
2.57848
2.5578
2.55111
2.56408
2.60209
2.66227
2.73264
2.79813
2.84611
2.86968
2.87009
2.85873
2.85589
2.8779
2.92067
2.96489
2.99505
3.00551
2.99462
2.96176
2.91175
2.86091
2.83336
2.84506
2.8923
2.95763
3.02234
3.07255
3.09974
3.1008
3.07912
3.04458
3.01044
2.98808
2.98189
