-4.48675
-4.49394
-4.49029
-4.4739
-4.44326
-4.4006
-4.35946
-4.33379
-4.32867
-4.34488
-4.37918
-4.41841
-4.44633
-4.44697
-4.41722
-4.36549
-4.30422
-4.25095
-4.2111
-4.18656
-4.17901
-4.18986
-4.21563
-4.24858
-4.28249
-4.30767
-4.31739
-4.31035
-4.29584
-4.28365
-4.28427
-4.29549
-4.30491
-4.29898
-4.27508
-4.24076
-4.20184
-4.16391
-4.13549
-4.12729
-4.14543
-4.1929
-4.26133
-4.3398
-4.41833
-4.48672
-4.53614
-4.56004
-4.55595
-4.53153
-4.49551
-4.4583
-4.42967
-4.41093
-4.39637
-4.38328
-4.36169
-4.33526
-4.31036
-4.2945
-4.29179
-4.29981
-4.30815
-4.31032
-4.30209
-4.28683
-4.27029
-4.26455
-4.27205
-4.29239
-4.31855
-4.34592
-4.37199
-4.39533
-4.41068
-4.41634
-4.41315
-4.40295
-4.39198
-4.38817
-4.40049
-4.4324
-4.47754
-4.52431
-4.55803
-4.57259
-4.56658
-4.54051
-4.49864
-4.44278
-4.38768
-4.34461
-4.33067
-4.35442
-4.40151
-4.45109
-4.48502
-4.49291
-4.48273
-4.46392
-4.44594
-4.43369
-4.42957
-4.4338
-4.44223
-4.45467
-4.47248
-4.49681
-4.52418
-4.54705
-4.56002
-4.56395
-4.55856
-4.55139
-4.54642
-4.54628
-4.55086
-4.55897
-4.57127
-4.58299
-4.59066
-4.58891
-4.57893
-4.56324
-4.54239
-4.51906
-4.49709
-4.47792
-4.4701
-4.48062
-4.50679
-4.54728
-4.58971
-4.62091
-4.62803
-4.60495
-4.5481
-4.46515
-4.38103
-4.31773
-4.28966
-4.29031
-4.31106
-4.34225
-4.37922
-4.41372
-4.44309
-4.46109
-4.46841
-4.46794
-4.46314
-4.45647
-4.44619
-4.43106
-4.40894
-4.38453
-4.36369
-4.35147
-4.3559
-4.38135
-4.42313
-4.47465
-4.5265
-4.57174
-4.60198
-4.61209
-4.59999
-4.57392
-4.54421
-4.51939
-4.50878
-4.51193
-4.52773
-4.55204
-4.58069
-4.61179
-4.63924
-4.65823
-4.66567
-4.6606
-4.64605
-4.62149
-4.58932
-4.54757
-4.49877
-4.44706
-4.39836
-4.35495
-4.32636
-4.32041
-4.33674
-4.36912
-4.40466
-4.43231
-4.45158
-4.46362
-4.47203
-4.47483
-4.4739
-4.47464
-4.47437
-4.47405
-4.46715
-4.44795
-4.41048
-4.36133
-4.30734
-4.2601
-4.2213
-4.18985
-4.16661
-4.15558
-4.15956
-4.17628
-4.19722
-4.21189
-4.21455
-4.21007
-4.20781
-4.2114
-4.2251
-4.24744
-4.27802
-4.3173
-4.36497
-4.4158
-4.46145
-4.4986
-4.52826
-4.548
-4.55946
-4.56085
-4.55274
-4.53567
-4.50668
-4.46609
-4.41896
-4.37069
-4.32767
-4.29934
-4.2935
-4.31361
-4.35192
-4.39277
-4.42021
-4.42738
-4.41421
-4.38509
-4.35105
-4.3228
-4.30757
-4.31201
-4.3325
-4.36138
-4.39154
-4.42069
-4.44137
-4.45265
-4.45286
-4.44058
-4.42543
-4.4168
-4.42024
-4.43227
-4.44069
-4.43243
-4.40606
-4.36751
-4.32114
-4.27561
-4.23654
-4.21324
-4.2099
-4.22718
-4.26264
-4.30383
-4.33582
-4.35049
-4.35255
-4.34942
-4.35145
-4.363
-4.37555
-4.3815
-4.37835
-4.36523
-4.3479
-4.32901
-4.30899
-4.29219
-4.27907
-4.27351
-4.27399
-4.28229
-4.29247
-4.3026
-4.31156
-4.31864
-4.32625
-4.33402
-4.33587
-4.33143
-4.31825
-4.29558
-4.27016
-4.24612
-4.22689
-4.21814
-4.22177
-4.23916
-4.2726
-4.31571
-4.36448
-4.41167
-4.45324
-4.48639
-4.51239
-4.53261
-4.54757
-4.55664
-4.55954
-4.55147
-4.52856
-4.49101
-4.44062
-4.37818
-4.30807
-4.239
-4.18534
-4.16794
-4.19788
-4.25525
-4.31594
-4.36774
-4.41125
-4.45286
-4.4908
-4.5099
-4.50552
-4.46988
-4.41543
-4.35759
-4.30988
-4.27881
-4.26958
-4.28198
-4.31073
-4.34476
-4.37232
-4.39009
-4.40003
-4.40392
-4.40367
-4.40553
-4.41174
-4.42673
-4.44611
-4.46321
-4.47678
-4.48273
-4.47869
-4.45688
-4.41662
-4.36193
-4.2972
-4.23551
-4.18345
-4.14691
-4.13576
-4.14693
-4.17868
-4.22426
-4.27077
-4.31156
-4.34221
-4.362
-4.37238
-4.375
-4.36814
-4.35326
-4.32475
-4.28111
-4.22522
-4.16272
-4.10546
-4.0586
-4.03088
-4.02635
-4.04334
-4.08033
-4.13349
-4.196
-4.25651
-4.3041
-4.33013
-4.33097
-4.31675
-4.30325
-4.3076
-4.33581
-4.38161
-4.43503
-4.4835
-4.51242
-4.51961
-4.50549
-4.48046
-4.45477
-4.44465
-4.45267
-4.46984
-4.48932
-4.50296
-4.50984
-4.51145
-4.51216
-4.50311
-4.47506
-4.42298
-4.35013
-4.26981
-4.19567
-4.13867
-4.10438
-4.09919
-4.11329
-4.13964
-4.16709
-4.18909
-4.2043
-4.20818
-4.20027
-4.17927
-4.14991
-4.11966
-4.10506
-4.11978
-4.16271
-4.2215
-4.27804
-4.31845
-4.33859
-4.34262
-4.33774
-4.33487
-4.33789
-4.34456
-4.35473
-4.36305
-4.36432
-4.36234
-4.35985
-4.36206
-4.37378
-4.38805
-4.39905
-4.39526
-4.36993
-4.3273
-4.28078
-4.24285
-4.22131
-4.21411
-4.21652
-4.22229
-4.22873
-4.23531
-4.24662
-4.26761
-4.29911
-4.33711
-4.3702
-4.39477
-4.40986
-4.41829
-4.41999
-4.41776
-4.41192
-4.39917
-4.37431
-4.33218
-4.27324
-4.20745
-4.15076
-4.12182
-4.12845
-4.16481
-4.21172
-4.25417
-4.28161
-4.29015
-4.28054
-4.26226
-4.2465
-4.242
-4.25133
-4.27096
-4.29227
-4.30601
-4.30665
-4.29649
-4.28959
-4.30156
-4.33596
-4.38688
-4.44148
-4.48575
-4.51566
-4.53001
-4.53305
-4.52672
-4.51638
-4.50597
-4.50408
-4.51369
-4.52495
-4.52059
-4.49293
-4.44454
-4.38769
-4.33716
-4.30578
-4.29901
-4.30793
-4.32427
-4.33571
-4.3402
-4.33723
-4.32841
-4.31748
-4.30809
-4.30933
-4.3214
-4.33847
-4.35525
-4.36529
-4.36486
-4.3535
-4.33817
-4.32341
-4.31548
-4.31273
-4.31035
-4.30095
-4.27874
-4.24555
-4.20832
-4.17759
-4.16416
-4.17092
-4.18869
-4.20696
-4.22492
-4.24438
-4.26857
-4.2944
-4.31049
-4.31561
-4.31864
-4.33191
-4.3583
-4.39304
-4.42296
-4.44216
-4.45341
-4.46354
-4.478
-4.50321
-4.53138
-4.55977
-4.5789
-4.58773
-4.58313
-4.56104
-4.52565
-4.48247
-4.43706
-4.39717
-4.36545
-4.34573
-4.3327
-4.32478
-4.31718
-4.31201
-4.31184
-4.32053
-4.33634
-4.35741
-4.37528
-4.38976
-4.40174
-4.41481
-4.42771
-4.43624
-4.43702
-4.43218
-4.42439
-4.41497
-4.39929
-4.37611
-4.34235
-4.30383
-4.27131
-4.25475
-4.25471
-4.26837
-4.28655
-4.30556
-4.32558
-4.35005
-4.37458
-4.3983
-4.41923
-4.43296
-4.44158
-4.44495
-4.44419
-4.44134
-4.44239
-4.4437
-4.44686
-4.45105
-4.45079
-4.43857
-4.40713
-4.35749
-4.29814
-4.24162
-4.19147
-4.15548
-4.13684
-4.13433
-4.14392
-4.15956
-4.179
-4.19859
-4.22324
-4.25615
-4.29743
-4.33996
-4.37073
-4.38234
-4.37696
-4.36124
-4.34784
-4.34422
-4.35595
-4.38729
-4.43255
-4.48528
-4.5395
-4.58981
-4.6276
-4.64578
-4.63835
-4.607
-4.55679
-4.4985
-4.44412
-4.40561
-4.3838
-4.37273
-4.36321
-4.34563
-4.31908
-4.28867
-4.26334
-4.25153
-4.25513
-4.26823
-4.28612
-4.30264
-4.3157
-4.3248
-4.32931
-4.32941
-4.32467
-4.3176
-4.31079
-4.3113
-4.32627
-4.35383
-4.38649
-4.40848
-4.41477
-4.40666
-4.39601
-4.39531
-4.40308
-4.4171
-4.42849
-4.43531
-4.43708
-4.43926
-4.44633
-4.45925
-4.47063
-4.47675
-4.476
-4.47011
-4.46123
-4.45339
-4.44886
-4.44965
-4.45616
-4.46269
-4.46529
-4.45709
-4.43787
-4.4108
-4.38091
-4.35098
-4.32535
-4.30398
-4.2918
-4.2875
-4.28779
-4.28903
-4.28534
-4.27271
-4.26108
-4.25532
-4.25108
-4.23556
-4.20325
-4.15664
-4.10882
-4.06826
-4.03782
-4.00543
-3.96347
-3.91828
-3.88243
-3.87409
-3.896
-3.93797
-3.98631
-4.03201
-4.06704
-4.08549
-4.08565
-4.07554
-4.0662
-4.06662
-4.08122
-4.11026
-4.15452
-4.21086
-4.26864
-4.31801
-4.35399
-4.37384
-4.38371
-4.38635
-4.38292
-4.37447
-4.36426
-4.35586
-4.35616
-4.37005
-4.39968
-4.43948
-4.47699
-4.50634
-4.52506
-4.53373
-4.54122
-4.55152
-4.56498
-4.57842
-4.58536
-4.58334
-4.56889
-4.54673
-4.51633
-4.48154
-4.44539
-4.40617
-4.36231
-4.31719
-4.27764
-4.24491
-4.21924
-4.19541
-4.17389
-4.15891
-4.15928
-4.18278
-4.22823
-4.28781
-4.34965
-4.40764
-4.45857
-4.5023
-4.53349
-4.54817
-4.54471
-4.52774
-4.50309
-4.46975
-4.43217
-4.39987
-4.3773
-4.37007
-4.37595
-4.38671
-4.39987
-4.41139
-4.42432
-4.43703
-4.44689
-4.44628
-4.42539
-4.37625
-4.29393
-4.19833
-4.11792
-4.07638
-4.07377
-4.09618
-4.13589
-4.18345
-4.22744
-4.25849
-4.27294
-4.27515
-4.27566
-4.28708
-4.31401
-4.35052
-4.38468
-4.40729
-4.40809
-4.38327
-4.34431
-4.32184
-4.3396
-4.39104
-4.45135
-4.502
-4.53575
-4.5464
-4.53669
-4.50429
-4.45495
-4.39656
-4.34684
-4.31796
-4.32183
-4.34875
-4.38508
-4.41761
-4.43532
-4.43588
-4.41755
-4.38671
-4.35185
-4.31625
-4.27979
-4.24193
-4.2031
-4.16748
-4.14789
-4.15568
-4.19329
-4.25719
-4.32829
-4.38847
-4.42304
-4.43085
-4.41737
-4.39546
-4.37441
-4.35941
-4.34873
-4.33997
-4.33544
-4.3337
-4.33166
-4.32356
-4.30529
-4.27781
-4.24508
-4.21365
-4.1941
-4.19544
-4.22554
-4.28691
-4.36217
-4.43501
-4.4953
-4.54083
-4.57344
-4.59704
-4.61172
-4.61737
-4.61395
-4.60068
-4.58229
-4.5603
-4.53384
-4.49773
-4.4511
-4.39299
-4.33116
-4.27745
-4.23977
-4.21994
-4.2179
-4.23141
-4.25333
-4.27981
-4.30403
-4.32106
-4.3296
-4.33183
-4.33421
-4.34286
-4.36039
-4.38135
-4.40249
-4.42382
-4.4379
-4.44677
-4.44777
-4.44524
-4.44329
-4.44878
-4.46457
-4.48798
-4.51229
-4.52892
-4.53087
-4.52058
-4.50379
-4.48487
-4.47311
-4.47274
-4.48014
-4.49271
-4.49618
-4.4823
-4.44645
-4.39513
-4.33851
-4.28657
-4.252
-4.2383
-4.247
-4.27395
-4.30866
-4.34135
-4.35947
-4.35405
-4.32695
-4.29322
-4.26779
-4.26259
-4.26866
-4.27425
-4.27285
-4.27118
-4.28017
-4.30281
-4.33136
-4.35622
-4.36949
-4.37117
-4.35743
-4.32748
-4.28752
-4.24294
-4.20399
-4.17256
-4.15401
-4.15043
-4.16695
-4.20232
-4.24906
-4.29102
-4.32601
-4.34447
-4.34451
-4.32766
-4.29934
-4.2685
-4.24706
-4.24052
-4.2472
-4.26493
-4.28995
-4.31952
-4.35387
-4.39168
-4.42936
-4.4615
-4.48273
-4.49075
-4.48774
-4.47958
-4.47263
-4.46751
-4.46349
-4.45907
-4.45289
-4.44554
-4.43494
-4.42249
-4.40433
-4.37848
-4.34615
-4.30695
-4.26592
-4.22739
-4.19441
-4.16494
-4.13897
-4.121
-4.11772
-4.13747
-4.18408
-4.24411
-4.30153
-4.34545
-4.36791
-4.3736
-4.36964
-4.36391
-4.35615
-4.34215
-4.31642
-4.2834
-4.24976
-4.22781
-4.21908
-4.21833
-4.22745
-4.24205
-4.26278
-4.28808
-4.31096
-4.33318
-4.35436
-4.37045
-4.38013
-4.38698
-4.40278
-4.44043
-4.49624
-4.555
-4.60266
-4.63196
-4.64207
-4.63575
-4.61696
-4.59463
-4.5771
-4.56316
-4.55216
-4.53136
-4.4916
-4.43681
-4.38443
-4.3581
-4.37008
-4.40771
-4.4526
-4.48493
-4.49416
-4.47916
-4.44405
-4.39913
-4.35486
-4.32066
-4.30223
-4.29833
-4.30498
-4.31402
-4.3207
-4.3189
-4.30925
-4.2907
-4.26897
-4.25467
-4.25155
-4.26163
-4.27873
-4.29982
-4.32061
-4.33913
-4.3527
-4.36304
-4.37715
-4.40354
-4.43826
-4.47211
-4.4926
-4.49693
-4.4895
-4.48263
-4.48668
-4.51036
-4.55164
-4.60295
-4.64349
-4.65663
-4.63549
-4.58755
-4.52267
-4.45446
-4.39472
-4.35141
-4.32302
-4.30905
-4.30752
-4.3157
-4.32656
-4.33466
-4.33584
-4.32633
-4.30679
-4.27572
-4.23771
-4.19461
-4.1522
-4.11745
-4.09746
-4.0984
-4.11501
-4.14611
-4.18103
-4.21319
-4.23598
-4.24843
-4.25367
-4.25332
-4.25126
-4.25702
-4.27967
-4.31895
-4.37144
-4.42785
-4.47415
-4.50529
-4.51424
-4.50047
-4.46771
-4.42209
-4.37422
-4.33661
-4.31431
-4.31236
-4.326
-4.34879
-4.36826
-4.38207
-4.38793
-4.3906
-4.40226
-4.43134
-4.47067
-4.5103
-4.53583
-4.54133
-4.52618
-4.49735
-4.46047
-4.41861
-4.37114
-4.32143
-4.27504
-4.24384
-4.24326
-4.29554
-4.39551
-4.50979
-4.60493
-4.66867
-4.70831
-4.73251
-4.75321
-4.77415
-4.78914
-4.79091
-4.77239
-4.73244
-4.68055
-4.6248
-4.56663
-4.51183
-4.46161
-4.41463
-4.37418
-4.34878
-4.33407
-4.32745
-4.32252
-4.3169
-4.31159
-4.30559
-4.30622
-4.3148
-4.3305
-4.34634
-4.36007
-4.37134
-4.38295
-4.39484
-4.40074
-4.40023
-4.39353
-4.38374
-4.37547
-4.36537
-4.3526
-4.33237
-4.30106
-4.26247
-4.23029
-4.21939
-4.23422
-4.26633
-4.30001
-4.32894
-4.35038
-4.36164
-4.36544
-4.36343
-4.36138
-4.363
-4.37294
-4.38941
-4.40988
-4.43318
-4.45882
-4.48611
-4.5085
-4.52029
-4.51487
-4.49414
-4.46592
-4.44276
-4.4378
-4.45663
-4.48622
-4.51635
-4.52951
-4.51728
-4.47859
-4.42519
-4.37083
-4.3277
-4.29173
-4.25302
-4.20551
-4.15813
-4.12646
-4.12194
-4.13867
-4.16135
-4.17886
-4.19281
-4.21123
-4.23955
-4.27361
-4.3056
-4.32486
-4.33
-4.3238
-4.31356
-4.31183
-4.32346
-4.34808
-4.38045
-4.40707
-4.42703
-4.43978
-4.44881
-4.45636
-4.46837
-4.47776
-4.4795
-4.47112
-4.45131
-4.42373
-4.39379
-4.36444
-4.33804
-4.31487
-4.29491
-4.27727
-4.25901
-4.24243
-4.22387
-4.20583
-4.18805
-4.17414
-4.17129
-4.18236
-4.20609
-4.23605
-4.26813
-4.29458
-4.31557
-4.3336
-4.35487
-4.37934
-4.40425
-4.42293
-4.4281
-4.41773
-4.39663
-4.37112
-4.3531
-4.3481
-4.35478
-4.37021
-4.3796
-4.37485
-4.3539
-4.32202
-4.29139
-4.27434
-4.2797
-4.305
-4.34175
-4.37906
-4.40683
-4.41991
-4.41965
-4.41404
-4.40655
-4.39859
-4.39402
-4.38978
-4.38691
-4.38652
-4.38941
-4.39951
-4.41341
-4.42449
-4.43109
-4.43727
-4.44161
-4.44368
-4.43922
-4.42793
-4.41009
-4.39339
-4.37444
-4.34715
-4.30839
-4.26484
-4.22176
-4.18432
-4.15775
-4.14611
-4.14941
-4.16371
-4.18414
-4.20394
-4.21813
-4.2282
-4.23928
-4.2593
-4.28948
-4.3273
-4.36901
-4.40976
-4.44746
-4.48103
-4.51302
-4.54894
-4.5865
-4.62069
-4.64303
-4.65138
-4.64637
-4.63678
-4.62445
-4.61404
-4.60299
-4.59089
-4.57673
-4.55875
-4.5384
-4.51462
-4.48833
-4.46017
-4.43118
-4.40325
-4.37066
-4.3329
-4.287
-4.23684
-4.19208
-4.16721
-4.17028
-4.20314
-4.25515
-4.31052
-4.3555
-4.38606
-4.40344
-4.41344
-4.41978
-4.42682
-4.4358
-4.44613
-4.45263
-4.44941
-4.43013
-4.39135
-4.3369
-4.27079
-4.19745
-4.1201
-4.04952
-4.00271
-3.99317
-4.01795
-4.06101
-4.10701
-4.14765
-4.18323
-4.21218
-4.23527
-4.25461
-4.27782
-4.30999
-4.34859
-4.39119
-4.43049
-4.46432
-4.48627
-4.49436
-4.49169
-4.48408
-4.48551
-4.50425
-4.54233
-4.59114
-4.63437
-4.66069
-4.66001
-4.63331
-4.58463
-4.51836
-4.44286
-4.36935
-4.3146
-4.28208
-4.26791
-4.25699
-4.24681
-4.24198
-4.2488
-4.26615
-4.28032
-4.27879
-4.25327
-4.20543
-4.14493
-4.08514
-4.03779
-4.00314
-3.98201
-3.97637
-3.98858
-4.02584
-4.08678
-4.15641
-4.22115
-4.26958
-4.29331
-4.29446
-4.28218
-4.27858
-4.30195
-4.34474
-4.39017
-4.42034
-4.43049
-4.42021
-4.38796
-4.33733
-4.28769
-4.26148
-4.27364
-4.31998
-4.38517
-4.44944
-4.4992
-4.52669
-4.52774
-4.50576
-4.47075
-4.43692
-4.41454
-4.40775
