-0.499821 -0.499861 0.4999
-0.333311 -0.333331 -0.499917
-0.499837 -0.333381 -0.333407
-0.333473 -0.499947 -0.333353
-0.166771 -0.499828 -0.499861
-1.80139e-06 -0.333378 -0.499845
-0.166619 -0.333172 -0.333318
-5.53052e-05 0.499983 -0.333493
0.166557 -0.499996 -0.499874
0.333289 -0.333291 0.499918
0.166535 -0.333409 -0.333265
0.333496 0.499933 -0.333288
0.499963 -0.166741 0.49982
-0.333279 9.95553e-05 0.499823
0.499932 -7.2912e-05 -0.333398
-0.333179 -0.166698 -0.333477
-0.166581 -0.166632 0.499896
1.59007e-05 0.000102711 -0.499936
-0.16661 0.000126987 -0.333342
-0.000127139 -0.166793 -0.333197
0.166537 -0.166655 0.499981
0.333403 -0.000152377 0.499989
0.166755 0.000152798 -0.333499
0.333487 -0.166654 -0.333307
-0.499916 0.166539 0.499977
-0.333313 0.333197 -0.49986
0.499919 0.333255 -0.333458
-0.333197 0.166845 -0.333411
-0.166784 0.166636 0.499906
-6.84669e-05 0.333177 0.499855
-0.166568 0.333413 -0.333296
3.79399e-06 0.166649 -0.333464
0.166705 0.166564 -0.499935
0.333371 0.333334 0.499998
0.166747 0.333456 -0.333228
0.333317 0.166577 -0.333187
0.499997 -0.499986 -0.166835
-0.33341 -0.333339 -0.166813
0.499966 -0.333436 0.00010278
-0.333227 0.49994 0.000112775
-0.166519 -0.49991 -0.166511
3.75098e-05 -0.333159 -0.166751
-0.166808 -0.333231 9.55835e-05
7.04671e-05 0.499882 -6.49092e-05
0.166794 0.499952 -0.166641
0.33338 -0.33332 -0.16656
0.166645 -0.333438 -4.38071e-05
0.333187 0.499994 0.000106737
0.499844 -0.166622 -0.166558
-0.333347 9.78224e-05 -0.166676
-0.499979 -0.000143674 0.000114272
-0.333223 -0.166592 -5.71464e-05
-0.166531 -0.166705 -0.166721
-9.49207e-05 9.92818e-05 -0.166672
-0.166621 0.000114471 0.000147537
-0.000128507 -0.166628 0.000108825
0.166523 -0.166623 -0.166554
0.33321 0.000152307 -0.166565
0.166821 5.92586e-05 7.1003e-05
0.333466 -0.16675 2.11042e-06
-0.49994 0.166696 -0.166785
-0.333472 0.333295 -0.166583
0.499947 0.333207 7.20017e-05
-0.333448 0.16669 -1.51421e-05
-0.166693 0.166572 -0.166767
2.1176e-05 0.333193 -0.166725
-0.166638 0.333236 -7.74861e-05
-6.05625e-05 0.166514 -0.000167901
0.166555 0.166752 -0.166693
0.333337 0.333482 -0.166651
0.166649 0.333219 7.31139e-06
0.333263 0.166554 -8.65678e-05
0.499906 0.499943 0.166571
-0.333161 -0.333451 0.166645
-0.499979 -0.333172 0.333248
-0.333321 0.499956 0.333258
-0.166556 0.499871 0.166529
-0.000124537 -0.333335 0.166776
-0.166641 -0.333487 0.333417
2.67015e-05 -0.499924 0.333315
0.166545 -0.499966 0.166665
0.333237 -0.333274 0.166752
0.166505 -0.333202 0.333276
0.333302 -0.499816 0.33349
0.499915 -0.166731 0.166715
-0.333297 -4.87743e-05 0.166592
-0.499891 -0.000101206 0.333249
-0.333437 -0.166515 0.333463
-0.166748 -0.166697 0.166751
0.00010589 0.000156093 0.166691
-0.166812 -0.000139059 0.333358
8.69281e-05 -0.166719 0.333394
0.166581 -0.16675 0.16668
0.333416 0.000117633 0.16682
0.16678 -0.000151216 0.333407
0.333233 -0.166529 0.333355
0.499974 0.16679 0.166542
-0.333208 0.333181 0.166736
-0.499901 0.333482 0.333416
-0.333371 0.166613 0.33322
-0.166725 0.166594 0.166596
-3.7135e-05 0.333498 0.16662
-0.166565 0.333409 0.333252
0.000138628 0.166591 0.333311
0.166657 0.16665 0.166712
0.333273 0.333468 0.166769
0.16668 0.333224 0.333214
0.333322 0.166599 0.333383
