-4.71475
-4.71475
-4.71475
-4.71475
-4.71475
-4.71354
-4.71052
-4.7081
-4.70508
-4.70342
-4.70146
-4.69979
-4.69738
-4.69707
-4.69707
-4.69571
-4.70052
-4.7005
-4.70104
-4.70057
-4.70037
-4.69978
-4.69976
-4.6993
-4.6996
-3.8946
-3.89429
-3.8955
-3.8952
-3.89595
-3.8964
-3.8955
-3.89625
-3.89595
-3.8964
-3.89715
-3.89791
-3.89806
-3.89776
-3.89821
-3.89669
-3.89587
-3.89597
-3.89687
-3.89736
-3.89777
-3.89781
-3.89806
-3.89788
-3.89859
-3.59496
-3.59481
-3.59466
-3.59375
-3.5936
-3.59406
-3.59406
-3.5936
-3.59315
-3.59149
-3.59134
-3.59134
-3.59209
-3.59103
-3.59118
-3.59215
-3.5926
-3.59201
-3.59242
-3.59239
-3.59269
-3.59225
-3.59312
-3.59195
-3.59218
-3.46582
-3.46567
-3.46522
-3.46537
-3.46553
-3.46522
-3.46477
-3.46432
-3.46522
-3.46537
-3.46628
-3.46537
-3.46477
-3.46416
-3.46507
-3.46624
-3.46534
-3.46577
-3.46564
-3.46651
-3.46702
-3.46728
-3.46722
-3.46743
-3.46669
-3.4438
-3.44275
-3.44138
-3.44153
-3.44108
-3.44153
-3.44123
-3.44002
-3.44153
-3.44108
-3.44108
-3.44108
-3.44093
-3.44184
-3.44289
-3.44365
-3.44425
-3.4435
-3.44334
-3.44228
-3.44168
-3.44198
-3.44032
-3.44077
-3.44168
-3.44138
-3.44123
-3.44123
-3.44183
-3.44108
-3.44062
-3.43987
-3.43971
-3.43972
-3.44017
-3.43942
-3.43836
-3.43791
-3.43851
-3.43775
-3.43835
-3.43881
-3.43775
-3.43745
-3.43775
-3.4379
-3.43729
-3.43609
-3.43654
-3.43609
-3.43639
-3.4373
-3.43745
-3.43881
-3.43821
-3.43896
-3.44032
-3.44092
-3.44047
-3.44002
-3.44032
-3.44077
-3.44138
-3.44153
-3.44077
-3.44198
-3.44093
-3.44002
-3.43926
-3.43911
-3.44016
-3.43971
-3.4385
-3.43866
-3.43881
-3.43866
-3.43745
-3.4367
-3.4367
-3.4364
-3.437
-3.4373
-3.4361
-3.43504
-3.43549
-3.43624
-3.43669
-3.43729
-3.43654
-3.43594
-3.43624
-3.43639
-3.43489
-3.4361
-3.43594
-3.43488
-3.43473
-3.43488
-3.43458
-3.43519
-3.43504
-3.43549
-3.43624
-3.43609
-3.43504
-3.43489
-3.43534
-3.43503
-3.43624
-3.43579
-3.43564
-3.4361
-3.43564
-3.4364
-3.43579
-3.43609
-3.437
-3.4376
-3.43806
-3.43806
-3.43851
-3.43806
-3.437
-3.43715
-3.4361
-3.4361
-3.4361
-3.43655
-3.4367
-3.4367
-3.4367
-3.437
-3.43685
-3.43685
-3.43655
-3.4367
-3.43685
-3.43746
-3.43685
-3.43775
-3.43715
-3.43639
-3.437
-3.4379
-3.43806
-3.43806
-3.43897
-3.43852
-3.43867
-3.43882
-3.43972
-3.43957
-3.43882
-3.43821
-3.43791
-3.4373
-3.437
-3.4379
-3.43851
-3.43911
-3.43896
-3.43821
-3.43927
-3.43882
-3.43851
-3.43761
-3.437
-3.43776
-3.43821
-3.4379
-3.43896
-3.43865
-3.43865
-3.43881
-3.43911
-3.43942
-3.43897
-3.43973
-3.43942
-3.43897
-3.43912
-3.43836
-3.43866
-3.43866
-3.43866
-3.43836
-3.43881
-3.43972
-3.43941
-3.43851
-3.43806
-3.43806
-3.43806
-3.43836
-3.43866
-3.43926
-3.44032
-3.44048
-3.44033
-3.44003
-3.43912
-3.43973
-3.43897
-3.43881
-3.43911
-3.44092
-3.43896
-3.4385
-3.43851
-3.43791
-3.43851
-3.43836
-3.43896
-3.43972
-3.43957
-3.44017
-3.44093
-3.44047
-3.44047
-3.44062
-3.44063
-3.44138
-3.44063
-3.44078
-3.44139
-3.44124
-3.44154
-3.44063
-3.44017
-3.43956
-3.43971
-3.43986
-3.44001
-3.44046
-3.44153
-3.44032
-3.44017
-3.43987
-3.44018
-3.44048
-3.44093
-3.44229
-3.44214
-3.44138
-3.44168
-3.44213
-3.44182
-3.44213
-3.44122
-3.44122
-3.44123
-3.44244
-3.44244
-3.44228
-3.44168
-3.44243
-3.44228
-3.44183
-3.44289
-3.44259
-3.44244
-3.44138
-3.44183
-3.44153
-3.44092
-3.44092
-3.44031
-3.44001
-3.44062
-3.44092
-3.44138
-3.44093
-3.44032
-3.44048
-3.44018
-3.43987
-3.43987
-3.43911
-3.43835
-3.43775
-3.4379
-3.43669
-3.43685
-3.4367
-3.43685
-3.43684
-3.43775
-3.4385
-3.43805
-3.43835
-3.43745
-3.43715
-3.437
-3.43654
-3.43685
-3.437
-3.4367
-3.43579
-3.43549
-3.43549
-3.43579
-3.43549
-3.43564
-3.43579
-3.43473
-3.43473
-3.43533
-3.43533
-3.43593
-3.43548
-3.43594
-3.43503
-3.43549
-3.43519
-3.43564
-3.43549
-3.43489
-3.43519
-3.43413
-3.43338
-3.43504
-3.43534
-3.43519
-3.43473
-3.43428
-3.43488
-3.43504
-3.43504
-3.43624
-3.43609
-3.4367
-3.43715
-3.43715
-3.43685
-3.43761
-3.43821
-3.43791
-3.43776
-3.43791
-3.43761
-3.43791
-3.43776
-3.43821
-3.43896
-3.43881
-3.43866
-3.43866
-3.43927
-3.44078
-3.44108
-3.44078
-3.44017
-3.43957
-3.44002
-3.43987
-3.43942
-3.43851
-3.43851
-3.43806
-3.43777
-3.43822
-3.43837
-3.43806
-3.4376
-3.43775
-3.43714
-3.43669
-3.4367
-3.43655
-3.43731
-3.43806
-3.43806
-3.43806
-3.43851
-3.43821
-3.4382
-3.4376
-3.4373
-3.43775
-3.4376
-3.4373
-3.43684
-3.43669
-3.43684
-3.43624
-3.43654
-3.43609
-3.43534
-3.43564
-3.43609
-3.43579
-3.43518
-3.43518
-3.43549
-3.43564
-3.43669
-3.43563
-3.43382
-3.43427
-3.43442
-3.43488
-3.43503
-3.43533
-3.43473
-3.43594
-3.43579
-3.43534
-3.43503
-3.43443
-3.43398
-3.43473
-3.43519
-3.43549
-3.43579
-3.43684
-3.43639
-3.43579
-3.43518
-3.43503
-3.43473
-3.43458
-3.43443
-3.43594
-3.43594
-3.43533
-3.43624
-3.43654
-3.437
-3.437
-3.43745
-3.43851
-3.437
-3.43594
-3.43685
-3.43655
-3.43594
-3.43609
-3.43564
-3.43715
-3.43639
-3.43775
-3.43775
-3.4376
-3.43745
-3.43685
-3.4373
-3.43761
-3.43806
-3.43821
-3.4373
-3.43654
-3.43639
-3.43654
-3.43745
-3.43851
-3.43851
-3.43805
-3.43896
-3.43866
-3.43805
-3.43805
-3.4376
-3.4373
-3.4376
-3.43669
-3.43654
-3.43639
-3.43639
-3.43624
-3.43655
-3.43655
-3.43654
-3.43684
-3.43609
-3.43639
-3.43593
-3.43684
-3.43775
-3.43745
-3.4385
-3.4382
-3.43911
-3.4385
-3.43881
-3.43866
-3.43987
-3.43927
-3.43851
-3.43791
-3.43866
-3.43836
-3.43821
-3.43866
-3.43881
-3.43866
-3.44017
-3.44123
-3.44168
-3.44167
-3.44288
-4.71475
-4.71475
-4.71475
-4.71475
-4.71475
-4.71354
-4.71052
-4.7081
-4.70508
-4.70342
-4.70146
-4.69979
-4.69738
-4.69707
-4.69707
-4.69571
-4.70052
-4.7005
-4.70104
-4.70057
-4.70037
-4.69978
-4.69976
-4.6993
-4.6996
-3.8946
-3.89429
-3.8955
-3.8952
-3.89595
-3.8964
-3.8955
-3.89625
-3.89595
-3.8964
-3.89715
-3.89791
-3.89806
-3.89776
-3.89821
-3.89669
-3.89587
-3.89597
-3.89687
-3.89736
-3.89777
-3.89781
-3.89806
-3.89788
-3.89859
-3.59496
-3.59481
-3.59466
-3.59375
-3.5936
-3.59406
-3.59406
-3.5936
-3.59315
-3.59149
-3.59134
-3.59134
-3.59209
-3.59103
-3.59118
-3.59215
-3.5926
-3.59201
-3.59242
-3.59239
-3.59269
-3.59225
-3.59312
-3.59195
-3.59218
-3.46582
-3.46567
-3.46522
-3.46537
-3.46553
-3.46522
-3.46477
-3.46432
-3.46522
-3.46537
-3.46628
-3.46537
-3.46477
-3.46416
-3.46507
-3.46624
-3.46534
-3.46577
-3.46564
-3.46651
-3.46702
-3.46728
-3.46722
-3.46743
-3.46669
-3.4438
-3.44275
-3.44138
-3.44153
-3.44108
-3.44153
-3.44123
-3.44002
-3.44153
-3.44108
-3.44108
-3.44108
-3.44093
-3.44184
-3.44289
-3.44365
-3.44425
-3.4435
-3.44334
-3.44228
-3.44168
-3.44198
-3.44032
-3.44077
-3.44168
-3.44138
-3.44123
-3.44123
-3.44183
-3.44108
-3.44062
-3.43987
-3.43971
-3.43972
-3.44017
-3.43942
-3.43836
-3.43791
-3.43851
-3.43775
-3.43835
-3.43881
-3.43775
-3.43745
-3.43775
-3.4379
-3.43729
-3.43609
-3.43654
-3.43609
-3.43639
-3.4373
-3.43745
-3.43881
-3.43821
-3.43896
-3.44032
-3.44092
-3.44047
-3.44002
-3.44032
-3.44077
-3.44138
-3.44153
-3.44077
-3.44198
-3.44093
-3.44002
-3.43926
-3.43911
-3.44016
-3.43971
-3.4385
-3.43866
-3.43881
-3.43866
-3.43745
-3.4367
-3.4367
-3.4364
-3.437
-3.4373
-3.4361
-3.43504
-3.43549
-3.43624
-3.43669
-3.43729
-3.43654
-3.43594
-3.43624
-3.43639
-3.43489
-3.4361
-3.43594
-3.43488
-3.43473
-3.43488
-3.43458
-3.43519
-3.43504
-3.43549
-3.43624
-3.43609
-3.43504
-3.43489
-3.43534
-3.43503
-3.43624
-3.43579
-3.43564
-3.4361
-3.43564
-3.4364
-3.43579
-3.43609
-3.437
-3.4376
-3.43806
-3.43806
-3.43851
-3.43806
-3.437
-3.43715
-3.4361
-3.4361
-3.4361
-3.43655
-3.4367
-3.4367
-3.4367
-3.437
-3.43685
-3.43685
-3.43655
-3.4367
-3.43685
-3.43746
-3.43685
-3.43775
-3.43715
-3.43639
-3.437
-3.4379
-3.43806
-3.43806
-3.43897
-3.43852
-3.43867
-3.43882
-3.43972
-3.43957
-3.43882
-3.43821
-3.43791
-3.4373
-3.437
-3.4379
-3.43851
-3.43911
-3.43896
-3.43821
-3.43927
-3.43882
-3.43851
-3.43761
-3.437
-3.43776
-3.43821
-3.4379
-3.43896
-3.43865
-3.43865
-3.43881
-3.43911
-3.43942
-3.43897
-3.43973
-3.43942
-3.43897
-3.43912
-3.43836
-3.43866
-3.43866
-3.43866
-3.43836
-3.43881
-3.43972
-3.43941
-3.43851
-3.43806
-3.43806
-3.43806
-3.43836
-3.43866
-3.43926
-3.44032
-3.44048
-3.44033
-3.44003
-3.43912
-3.43973
-3.43897
-3.43881
-3.43911
-3.44092
-3.43896
-3.4385
-3.43851
-3.43791
-3.43851
-3.43836
-3.43896
-3.43972
-3.43957
-3.44017
-3.44093
-3.44047
-3.44047
-3.44062
-3.44063
-3.44138
-3.44063
-3.44078
-3.44139
-3.44124
-3.44154
-3.44063
-3.44017
-3.43956
-3.43971
-3.43986
-3.44001
-3.44046
-3.44153
-3.44032
-3.44017
-3.43987
-3.44018
-3.44048
-3.44093
-3.44229
-3.44214
-3.44138
-3.44168
-3.44213
-3.44182
-3.44213
-3.44122
-3.44122
-3.44123
-3.44244
-3.44244
-3.44228
-3.44168
-3.44243
-3.44228
-3.44183
-3.44289
-3.44259
-3.44244
-3.44138
-3.44183
-3.44153
-3.44092
-3.44092
-3.44031
-3.44001
-3.44062
-3.44092
-3.44138
-3.44093
-3.44032
-3.44048
-3.44018
-3.43987
-3.43987
-3.43911
-3.43835
-3.43775
-3.4379
-3.43669
-3.43685
-3.4367
-3.43685
-3.43684
-3.43775
-3.4385
-3.43805
-3.43835
-3.43745
-3.43715
-3.437
-3.43654
-3.43685
-3.437
-3.4367
-3.43579
-3.43549
-3.43549
-3.43579
-3.43549
-3.43564
-3.43579
-3.43473
-3.43473
-3.43533
-3.43533
-3.43593
-3.43548
-3.43594
-3.43503
-3.43549
-3.43519
-3.43564
-3.43549
-3.43489
-3.43519
-3.43413
-3.43338
-3.43504
-3.43534
-3.43519
-3.43473
-3.43428
-3.43488
-3.43504
-3.43504
-3.43624
-3.43609
-3.4367
-3.43715
-3.43715
-3.43685
-3.43761
-3.43821
-3.43791
-3.43776
-3.43791
-3.43761
-3.43791
-3.43776
-3.43821
-3.43896
-3.43881
-3.43866
-3.43866
-3.43927
-3.44078
-3.44108
-3.44078
-3.44017
-3.43957
-3.44002
-3.43987
-3.43942
-3.43851
-3.43851
-3.43806
-3.43777
-3.43822
-3.43837
-3.43806
-3.4376
-3.43775
-3.43714
-3.43669
-3.4367
-3.43655
-3.43731
-3.43806
-3.43806
-3.43806
-3.43851
-3.43821
-3.4382
-3.4376
-3.4373
-3.43775
-3.4376
-3.4373
-3.43684
-3.43669
-3.43684
-3.43624
-3.43654
-3.43609
-3.43534
-3.43564
-3.43609
-3.43579
-3.43518
-3.43518
-3.43549
-3.43564
-3.43669
-3.43563
-3.43382
-3.43427
-3.43442
-3.43488
-3.43503
-3.43533
-3.43473
-3.43594
-3.43579
-3.43534
-3.43503
-3.43443
-3.43398
-3.43473
-3.43519
-3.43549
-3.43579
-3.43684
-3.43639
-3.43579
-3.43518
-3.43503
-3.43473
-3.43458
-3.43443
-3.43594
-3.43594
-3.43533
-3.43624
-3.43654
-3.437
-3.437
-3.43745
-3.43851
-3.437
-3.43594
-3.43685
-3.43655
-3.43594
-3.43609
-3.43564
-3.43715
-3.43639
-3.43775
-3.43775
-3.4376
-3.43745
-3.43685
-3.4373
-3.43761
-3.43806
-3.43821
-3.4373
-3.43654
-3.43639
-3.43654
-3.43745
-3.43851
-3.43851
-3.43805
-3.43896
-3.43866
-3.43805
-3.43805
-3.4376
-3.4373
-3.4376
-3.43669
-3.43654
-3.43639
-3.43639
-3.43624
-3.43655
-3.43655
-3.43654
-3.43684
-3.43609
-3.43639
-3.43593
-3.43684
-3.43775
-3.43745
-3.4385
-3.4382
-3.43911
-3.4385
-3.43881
-3.43866
-3.43987
-3.43927
-3.43851
-3.43791
-3.43866
-3.43836
-3.43821
-3.43866
-3.43881
-3.43866
-3.44017
-3.44123
-3.44168
-3.44167
-3.44288
