-6.36475
-6.3632
-6.3585
-6.35041
-6.3385
-6.32103
-6.29667
-6.26695
-6.22967
-6.18575
-6.1326
-6.0703
-5.9979
-5.91932
-5.83509
-5.74715
-5.66356
-5.58679
-5.52223
-5.47127
-5.4365
-5.41684
-5.4114
-5.41635
-5.42967
-5.44711
-5.46789
-5.47835
-5.47532
-5.46257
-5.44102
-5.41248
-5.38299
-5.35228
-5.3238
-5.29796
-5.27496
-5.25486
-5.23866
-5.22818
-5.22064
-5.21887
-5.22219
-5.2299
-5.24001
-5.2516
-5.26279
-5.27273
-5.27988
-5.28563
-5.28934
-5.29091
-5.28943
-5.28505
-5.27972
-5.27337
-5.26482
-5.25378
-5.24034
-5.22319
-5.20535
-5.1863
-5.16786
-5.14907
-5.13503
-5.12738
-5.12639
-5.1289
-5.13258
-5.13172
-5.12521
-5.11318
-5.10126
-5.09052
-5.08777
-5.09143
-5.10185
-5.11433
-5.12659
-5.13525
-5.13811
-5.13503
-5.12713
-5.11795
-5.10799
-5.10067
-5.09383
-5.08862
-5.08358
-5.07994
-5.07727
-5.07505
-5.07744
-5.08231
-5.08986
-5.09683
-5.10184
-5.10441
-5.10574
-5.10549
-5.10643
-5.10402
-5.09901
-5.09371
-5.08787
-5.08546
-5.08664
-5.09211
-5.10531
-5.12023
-5.13699
-5.1523
-5.16361
-5.17063
-5.17189
-5.1672
-5.15767
-5.14357
-5.12852
-5.11247
-5.09784
-5.08581
-5.07405
-5.06667
-5.06148
-5.05571
-5.04945
-5.04182
-5.03332
-5.02337
-5.0158
-5.0118
-5.01283
-5.01762
-5.02456
-5.02907
-5.02873
-5.02197
-5.00921
-4.99145
-4.97691
-4.96792
-4.9627
-4.96102
-4.96191
-4.96676
-4.97788
-4.99664
-5.02364
-5.05236
-5.07971
-5.10154
-5.11427
-5.11996
-5.11753
-5.11344
-5.10966
-5.10622
-5.10279
-5.09967
-5.09684
-5.09326
-5.08872
-5.08232
-5.0731
-5.0634
-5.04869
-5.03194
-5.01516
-5.00237
-4.99839
-5.00375
-5.01987
-5.04673
-5.07917
-5.11294
-5.1441
-5.17193
-5.1952
-5.21169
-5.22164
-5.22291
-5.21347
-5.19454
-5.16813
-5.13547
-5.1005
-5.06947
-5.04596
-5.03389
-5.03279
-5.03735
-5.04083
-5.04412
-5.04326
-5.04199
-5.04558
-5.05388
-5.0632
-5.07107
-5.07378
-5.07309
-5.07049
-5.06624
-5.06039
-5.05408
-5.04698
-5.03891
-5.03384
-5.0295
-5.02708
-5.02495
-5.01983
-5.01346
-5.00482
-4.99919
-4.99973
-5.0078
-5.02349
-5.04414
-5.06721
-5.0885
-5.10663
-5.12275
-5.13435
-5.14371
-5.14974
-5.1528
-5.15187
-5.14667
-5.13679
-5.12202
-5.10154
-5.07645
-5.04715
-5.01508
-4.98049
-4.94518
-4.91003
-4.88123
-4.85946
-4.84915
-4.85345
-4.87064
-4.89676
-4.92807
-4.96108
-4.98984
-5.01398
-5.03187
-5.0441
-5.04898
-5.0472
-5.04009
-5.02917
-5.01607
-5.00399
-4.99611
-4.99237
-4.99341
-4.99757
-5.00308
-5.00979
-5.01199
-5.00995
-5.00275
-4.99235
-4.98166
-4.97141
-4.96426
-4.96617
-4.97843
-5.00492
-5.04402
-5.09038
-5.13673
-5.17604
-5.20633
-5.22379
-5.2297
-5.22636
-5.21422
-5.19713
-5.17518
-5.14975
-5.12173
-5.09398
-5.06863
-5.04619
-5.02818
-5.01509
-5.00562
-4.99844
-4.99408
-4.99368
-4.99913
-5.01044
-5.02327
-5.03311
-5.03494
-5.02483
-5.00401
-4.97141
-4.93347
-4.89663
-4.86906
-4.85053
-4.84741
-4.85613
-4.87138
-4.89097
-4.91031
-4.9299
-4.94932
-4.96795
-4.98729
-5.00627
-5.0233
-5.04007
-5.05609
-5.07004
-5.08083
-5.08354
-5.07805
-5.06224
-5.03467
-4.99799
-4.95345
-4.90694
-4.86336
-4.83036
-4.81438
-4.82078
-4.85059
-4.89909
-4.95472
-5.01182
-5.06241
-5.10312
-5.13133
-5.14662
-5.15015
-5.14079
-5.12191
-5.09891
-5.0754
-5.05478
-5.0412
-5.03323
-5.03089
-5.02979
-5.02789
-5.02134
-5.01209
-5.00218
-4.99597
-4.99283
-4.99355
-4.99869
-5.00297
-5.005
-5.00148
-4.99408
-4.98179
-4.96812
-4.95789
-4.95351
-4.958
-4.97217
-4.99303
-5.01775
-5.04092
-5.05876
-5.06825
-5.06596
-5.05246
-5.03111
-5.00647
-4.9856
-4.97273
-4.9684
-4.96739
-4.96869
-4.96833
-4.96671
-4.96504
-4.96701
-4.97422
-4.98744
-5.00917
-5.03674
-5.07032
-5.10733
-5.1449
-5.18153
-5.21377
-5.23888
-5.25471
-5.26111
-5.25729
-5.24376
-5.22114
-5.19293
-5.16184
-5.13036
-5.10443
-5.08666
-5.07761
-5.07858
-5.08651
-5.10124
-5.1183
-5.13858
-5.15838
-5.17773
-5.19359
-5.20429
-5.20944
-5.20526
-5.1925
-5.1731
-5.14455
-5.11091
-5.07703
-5.04759
-5.02543
-5.00796
-4.99399
-4.98517
-4.98081
-4.98463
-4.99556
-5.01145
-5.02983
-5.04957
-5.06735
-5.08051
-5.08829
-5.08954
-5.08334
-5.07197
-5.05688
-5.04216
-5.03022
-5.02163
-5.01795
-5.01896
-5.02398
-5.03185
-5.03898
-5.04488
-5.04969
-5.05468
-5.06267
-5.07353
-5.08766
-5.10309
-5.11776
-5.12603
-5.12437
-5.11086
-5.08541
-5.05353
-5.02475
-5.00887
-5.00928
-5.0253
-5.05066
-5.07711
-5.10019
-5.11615
-5.12341
-5.12324
-5.11756
-5.10726
-5.09573
-5.08418
-5.07501
-5.06964
-5.06749
-5.06969
-5.07645
-5.0876
-5.10139
-5.11437
-5.12577
-5.13206
-5.13266
-5.12862
-5.11924
-5.104
-5.08364
-5.05933
-5.03127
-5.00014
-4.96905
-4.93794
-4.91135
-4.89488
-4.88704
-4.888
-4.89552
-4.90796
-4.92237
-4.94002
-4.9567
-4.97247
-4.98652
-4.99702
-5.00334
-5.00602
-5.00359
-4.99711
-4.98873
-4.98222
-4.97795
-4.97804
-4.9812
-4.98532
-4.9875
-4.98701
-4.98408
-4.98167
-4.97819
-4.97563
-4.97635
-4.97787
-4.98062
-4.98408
-4.9896
-4.99763
-5.00453
-5.01203
-5.01986
-5.0232
-5.02178
-5.01631
-5.00627
-4.99661
-4.98696
-4.98591
-4.99266
-5.0084
-5.03062
-5.05447
-5.07616
-5.0891
-5.08929
-5.07479
-5.04791
-5.01737
-4.99207
-4.9759
-4.96755
-4.96216
-4.95577
-4.94887
-4.94439
-4.94053
-4.9381
-4.93771
-4.93859
-4.94231
-4.95035
-4.9611
-4.97534
-4.98987
-5.00156
-5.00707
-5.0052
-4.99545
-4.98034
-4.96369
-4.94776
-4.93731
-4.93168
-4.93269
-4.938
-4.9454
-4.95714
-4.97104
-4.99062
-5.01346
-5.0406
-5.06733
-5.09083
-5.10397
-5.10689
-5.10144
-5.09216
-5.07918
-5.06371
-5.04446
-5.01903
-4.98786
-4.95544
-4.92336
-4.89554
-4.87645
-4.87223
-6.36475
-6.3632
-6.3585
-6.35041
-6.3385
-6.32103
-6.29667
-6.26695
-6.22967
-6.18575
-6.1326
-6.0703
-5.9979
-5.91932
-5.83509
-5.74715
-5.66356
-5.58679
-5.52223
-5.47127
-5.4365
-5.41684
-5.4114
-5.41635
-5.42967
-5.44711
-5.46789
-5.47835
-5.47532
-5.46257
-5.44102
-5.41248
-5.38299
-5.35228
-5.3238
-5.29796
-5.27496
-5.25486
-5.23866
-5.22818
-5.22064
-5.21887
-5.22219
-5.2299
-5.24001
-5.2516
-5.26279
-5.27273
-5.27988
-5.28563
-5.28934
-5.29091
-5.28943
-5.28505
-5.27972
-5.27337
-5.26482
-5.25378
-5.24034
-5.22319
-5.20535
-5.1863
-5.16786
-5.14907
-5.13503
-5.12738
-5.12639
-5.1289
-5.13258
-5.13172
-5.12521
-5.11318
-5.10126
-5.09052
-5.08777
-5.09143
-5.10185
-5.11433
-5.12659
-5.13525
-5.13811
-5.13503
-5.12713
-5.11795
-5.10799
-5.10067
-5.09383
-5.08862
-5.08358
-5.07994
-5.07727
-5.07505
-5.07744
-5.08231
-5.08986
-5.09683
-5.10184
-5.10441
-5.10574
-5.10549
-5.10643
-5.10402
-5.09901
-5.09371
-5.08787
-5.08546
-5.08664
-5.09211
-5.10531
-5.12023
-5.13699
-5.1523
-5.16361
-5.17063
-5.17189
-5.1672
-5.15767
-5.14357
-5.12852
-5.11247
-5.09784
-5.08581
-5.07405
-5.06667
-5.06148
-5.05571
-5.04945
-5.04182
-5.03332
-5.02337
-5.0158
-5.0118
-5.01283
-5.01762
-5.02456
-5.02907
-5.02873
-5.02197
-5.00921
-4.99145
-4.97691
-4.96792
-4.9627
-4.96102
-4.96191
-4.96676
-4.97788
-4.99664
-5.02364
-5.05236
-5.07971
-5.10154
-5.11427
-5.11996
-5.11753
-5.11344
-5.10966
-5.10622
-5.10279
-5.09967
-5.09684
-5.09326
-5.08872
-5.08232
-5.0731
-5.0634
-5.04869
-5.03194
-5.01516
-5.00237
-4.99839
-5.00375
-5.01987
-5.04673
-5.07917
-5.11294
-5.1441
-5.17193
-5.1952
-5.21169
-5.22164
-5.22291
-5.21347
-5.19454
-5.16813
-5.13547
-5.1005
-5.06947
-5.04596
-5.03389
-5.03279
-5.03735
-5.04083
-5.04412
-5.04326
-5.04199
-5.04558
-5.05388
-5.0632
-5.07107
-5.07378
-5.07309
-5.07049
-5.06624
-5.06039
-5.05408
-5.04698
-5.03891
-5.03384
-5.0295
-5.02708
-5.02495
-5.01983
-5.01346
-5.00482
-4.99919
-4.99973
-5.0078
-5.02349
-5.04414
-5.06721
-5.0885
-5.10663
-5.12275
-5.13435
-5.14371
-5.14974
-5.1528
-5.15187
-5.14667
-5.13679
-5.12202
-5.10154
-5.07645
-5.04715
-5.01508
-4.98049
-4.94518
-4.91003
-4.88123
-4.85946
-4.84915
-4.85345
-4.87064
-4.89676
-4.92807
-4.96108
-4.98984
-5.01398
-5.03187
-5.0441
-5.04898
-5.0472
-5.04009
-5.02917
-5.01607
-5.00399
-4.99611
-4.99237
-4.99341
-4.99757
-5.00308
-5.00979
-5.01199
-5.00995
-5.00275
-4.99235
-4.98166
-4.97141
-4.96426
-4.96617
-4.97843
-5.00492
-5.04402
-5.09038
-5.13673
-5.17604
-5.20633
-5.22379
-5.2297
-5.22636
-5.21422
-5.19713
-5.17518
-5.14975
-5.12173
-5.09398
-5.06863
-5.04619
-5.02818
-5.01509
-5.00562
-4.99844
-4.99408
-4.99368
-4.99913
-5.01044
-5.02327
-5.03311
-5.03494
-5.02483
-5.00401
-4.97141
-4.93347
-4.89663
-4.86906
-4.85053
-4.84741
-4.85613
-4.87138
-4.89097
-4.91031
-4.9299
-4.94932
-4.96795
-4.98729
-5.00627
-5.0233
-5.04007
-5.05609
-5.07004
-5.08083
-5.08354
-5.07805
-5.06224
-5.03467
-4.99799
-4.95345
-4.90694
-4.86336
-4.83036
-4.81438
-4.82078
-4.85059
-4.89909
-4.95472
-5.01182
-5.06241
-5.10312
-5.13133
-5.14662
-5.15015
-5.14079
-5.12191
-5.09891
-5.0754
-5.05478
-5.0412
-5.03323
-5.03089
-5.02979
-5.02789
-5.02134
-5.01209
-5.00218
-4.99597
-4.99283
-4.99355
-4.99869
-5.00297
-5.005
-5.00148
-4.99408
-4.98179
-4.96812
-4.95789
-4.95351
-4.958
-4.97217
-4.99303
-5.01775
-5.04092
-5.05876
-5.06825
-5.06596
-5.05246
-5.03111
-5.00647
-4.9856
-4.97273
-4.9684
-4.96739
-4.96869
-4.96833
-4.96671
-4.96504
-4.96701
-4.97422
-4.98744
-5.00917
-5.03674
-5.07032
-5.10733
-5.1449
-5.18153
-5.21377
-5.23888
-5.25471
-5.26111
-5.25729
-5.24376
-5.22114
-5.19293
-5.16184
-5.13036
-5.10443
-5.08666
-5.07761
-5.07858
-5.08651
-5.10124
-5.1183
-5.13858
-5.15838
-5.17773
-5.19359
-5.20429
-5.20944
-5.20526
-5.1925
-5.1731
-5.14455
-5.11091
-5.07703
-5.04759
-5.02543
-5.00796
-4.99399
-4.98517
-4.98081
-4.98463
-4.99556
-5.01145
-5.02983
-5.04957
-5.06735
-5.08051
-5.08829
-5.08954
-5.08334
-5.07197
-5.05688
-5.04216
-5.03022
-5.02163
-5.01795
-5.01896
-5.02398
-5.03185
-5.03898
-5.04488
-5.04969
-5.05468
-5.06267
-5.07353
-5.08766
-5.10309
-5.11776
-5.12603
-5.12437
-5.11086
-5.08541
-5.05353
-5.02475
-5.00887
-5.00928
-5.0253
-5.05066
-5.07711
-5.10019
-5.11615
-5.12341
-5.12324
-5.11756
-5.10726
-5.09573
-5.08418
-5.07501
-5.06964
-5.06749
-5.06969
-5.07645
-5.0876
-5.10139
-5.11437
-5.12577
-5.13206
-5.13266
-5.12862
-5.11924
-5.104
-5.08364
-5.05933
-5.03127
-5.00014
-4.96905
-4.93794
-4.91135
-4.89488
-4.88704
-4.888
-4.89552
-4.90796
-4.92237
-4.94002
-4.9567
-4.97247
-4.98652
-4.99702
-5.00334
-5.00602
-5.00359
-4.99711
-4.98873
-4.98222
-4.97795
-4.97804
-4.9812
-4.98532
-4.9875
-4.98701
-4.98408
-4.98167
-4.97819
-4.97563
-4.97635
-4.97787
-4.98062
-4.98408
-4.9896
-4.99763
-5.00453
-5.01203
-5.01986
-5.0232
-5.02178
-5.01631
-5.00627
-4.99661
-4.98696
-4.98591
-4.99266
-5.0084
-5.03062
-5.05447
-5.07616
-5.0891
-5.08929
-5.07479
-5.04791
-5.01737
-4.99207
-4.9759
-4.96755
-4.96216
-4.95577
-4.94887
-4.94439
-4.94053
-4.9381
-4.93771
-4.93859
-4.94231
-4.95035
-4.9611
-4.97534
-4.98987
-5.00156
-5.00707
-5.0052
-4.99545
-4.98034
-4.96369
-4.94776
-4.93731
-4.93168
-4.93269
-4.938
-4.9454
-4.95714
-4.97104
-4.99062
-5.01346
-5.0406
-5.06733
-5.09083
-5.10397
-5.10689
-5.10144
-5.09216
-5.07918
-5.06371
-5.04446
-5.01903
-4.98786
-4.95544
-4.92336
-4.89554
-4.87645
-4.87223
