1.76816
1.76816
1.76816
1.76816
1.76816
1.76816
1.76816
1.76816
1.76816
1.76816
1.76816
1.76816
1.76816
1.76816
1.76814
1.76813
1.76811
1.76809
1.76809
1.76806
1.76803
1.76801
1.76799
1.76797
1.76794
1.76663
1.7666
1.76659
1.76656
1.76653
1.76651
1.7665
1.76647
1.76645
1.76642
1.7664
1.76639
1.76638
1.76634
1.76632
1.76633
1.76634
1.76633
1.76632
1.76631
1.7663
1.7663
1.76629
1.76627
1.76627
1.75996
1.75996
1.75994
1.75995
1.75995
1.75994
1.75994
1.75994
1.75993
1.75993
1.75993
1.75993
1.75993
1.75992
1.75992
1.75996
1.75996
1.75995
1.75996
1.75996
1.75996
1.75995
1.75995
1.75995
1.75995
1.74191
1.7419
1.74191
1.7419
1.7419
1.7419
1.7419
1.7419
1.7419
1.7419
1.74188
1.74187
1.74187
1.74187
1.74186
1.74194
1.74191
1.74188
1.74185
1.7418
1.74176
1.74174
1.74174
1.74178
1.74188
1.70799
1.708
1.708
1.708
1.708
1.708
1.708
1.708
1.70799
1.708
1.708
1.70799
1.70799
1.70799
1.70798
1.70798
1.70798
1.70798
1.70798
1.70798
1.70798
1.70797
1.70796
1.70796
1.70795
1.70795
1.70795
1.70794
1.70793
1.70793
1.70793
1.70794
1.70795
1.70796
1.70796
1.70797
1.70796
1.70795
1.70795
1.70795
1.70795
1.70795
1.70795
1.70795
1.70794
1.70794
1.70794
1.70795
1.70794
1.70793
1.70793
1.70794
1.70794
1.70794
1.70794
1.70795
1.70795
1.70794
1.70794
1.70793
1.70793
1.70794
1.70794
1.70795
1.70794
1.70794
1.70793
1.70794
1.70793
1.70793
1.70792
1.70792
1.70792
1.70791
1.70791
1.70791
1.70791
1.70792
1.70792
1.70791
1.70791
1.70791
1.7079
1.7079
1.70791
1.70791
1.7079
1.70789
1.7079
1.70789
1.70788
1.70789
1.70789
1.7079
1.70789
1.70789
1.70789
1.70788
1.70788
1.70788
1.70788
1.70789
1.70788
1.70788
1.70787
1.70788
1.70788
1.70788
1.70787
1.70788
1.70788
1.70787
1.70788
1.70788
1.70788
1.70788
1.70788
1.70787
1.70788
1.70787
1.70786
1.70786
1.70787
1.70787
1.70787
1.70788
1.70788
1.70788
1.70788
1.70788
1.70788
1.70789
1.70789
1.70789
1.70789
1.70789
1.70789
1.7079
1.7079
1.7079
1.7079
1.70789
1.70788
1.70787
1.70787
1.70788
1.70788
1.70787
1.70788
1.70788
1.70789
1.70789
1.70789
1.70788
1.70788
1.70787
1.70786
1.70787
1.70787
1.70787
1.70787
1.70788
1.70788
1.70788
1.70787
1.70786
1.70788
1.70788
1.70787
1.70787
1.70788
1.70787
1.70787
1.70787
1.70787
1.70788
1.70788
1.70788
1.70788
1.70788
1.70787
1.70787
1.70787
1.70788
1.70787
1.70788
1.70788
1.70787
1.70787
1.70788
1.70789
1.7079
1.7079
1.7079
1.7079
1.70789
1.70789
1.70788
1.70787
1.70787
1.70787
1.70787
1.70787
1.70787
1.70787
1.70787
1.70787
1.70787
1.70787
1.70787
1.70786
1.70786
1.70786
1.70785
1.70785
1.70783
1.70784
1.70783
1.70783
1.70782
1.70783
1.70783
1.70782
1.70781
1.70781
1.7078
1.70781
1.70781
1.70781
1.70781
1.70781
1.70781
1.70782
1.70782
1.70783
1.70782
1.70783
1.70781
1.70781
1.70781
1.70779
1.70778
1.70777
1.70777
1.70777
1.70777
1.70777
1.70777
1.70776
1.70776
1.70776
1.70777
1.70776
1.70776
1.70777
1.70777
1.70777
1.70776
1.70777
1.70778
1.70777
1.70777
1.70777
1.70777
1.70776
1.70776
1.70777
1.70777
1.70779
1.70779
1.70778
1.70779
1.70777
1.70778
1.70778
1.70778
1.70777
1.70777
1.70778
1.70779
1.70779
1.70778
1.70778
1.70777
1.70778
1.70778
1.70778
1.70778
1.70779
1.70778
1.70778
1.70777
1.70777
1.70777
1.70776
1.70777
1.70777
1.70778
1.70778
1.70777
1.70778
1.70778
1.70778
1.70779
1.70779
1.70779
1.70779
1.70779
1.70779
1.70779
1.7078
1.70779
1.70778
1.70778
1.70779
1.70779
1.70779
1.70779
1.70778
1.70778
1.70778
1.70778
1.70778
1.70779
1.70779
1.70778
1.70779
1.70779
1.70778
1.70778
1.70779
1.70779
1.70779
1.70778
1.70778
1.70778
1.70777
1.70776
1.70775
1.70776
1.70777
1.70778
1.70778
1.70777
1.70777
1.70776
1.70776
1.70777
1.70777
1.70777
1.70778
1.70778
1.70778
1.70777
1.70777
1.70777
1.70776
1.70775
1.70776
1.70775
1.70775
1.70776
1.70776
1.70776
1.70776
1.70777
1.70777
1.70777
1.70777
1.70777
1.70778
1.70778
1.70777
1.70777
1.70777
1.70776
1.70776
1.70778
1.70778
1.70778
1.70779
1.70779
1.7078
1.7078
1.70779
1.70779
1.70778
1.70777
1.70776
1.70776
1.70775
1.70775
1.70774
1.70774
1.70774
1.70774
1.70774
1.70773
1.70774
1.70774
1.70774
1.70774
1.70775
1.70775
1.70774
1.70774
1.70774
1.70774
1.70774
1.70774
1.70776
1.70776
1.70776
1.70776
1.70776
1.70776
1.70776
1.70777
1.70777
1.70778
1.70778
1.70778
1.70778
1.70779
1.70779
1.70779
1.70779
1.70779
1.70778
1.70779
1.70779
1.70779
1.7078
1.7078
1.7078
1.70781
1.70781
1.70782
1.70782
1.70782
1.70782
1.70781
1.70781
1.70782
1.70782
1.70782
1.70783
1.70783
1.70784
1.70784
1.70785
1.70784
1.70784
1.70785
1.70785
1.70785
1.70784
1.70785
1.70784
1.70785
1.70785
1.70785
1.70784
1.70785
1.70784
1.70784
1.70785
1.70785
1.70786
1.70786
1.70786
1.70786
1.70788
1.70788
1.70788
1.70789
1.70789
1.70788
1.70789
1.70789
1.70789
1.70789
1.70788
1.70787
1.70788
1.70787
1.70788
1.70788
1.70788
1.70788
1.70788
1.70788
1.70789
1.70788
1.70788
1.70789
1.7079
1.70791
1.70791
1.70791
1.76816
1.76816
1.76816
1.76816
1.76816
1.76816
1.76816
1.76816
1.76816
1.76816
1.76816
1.76816
1.76816
1.76816
1.76814
1.76813
1.76811
1.76809
1.76809
1.76806
1.76803
1.76801
1.76799
1.76797
1.76794
1.76663
1.7666
1.76659
1.76656
1.76653
1.76651
1.7665
1.76647
1.76645
1.76642
1.7664
1.76639
1.76638
1.76634
1.76632
1.76633
1.76634
1.76633
1.76632
1.76631
1.7663
1.7663
1.76629
1.76627
1.76627
1.75996
1.75996
1.75994
1.75995
1.75995
1.75994
1.75994
1.75994
1.75993
1.75993
1.75993
1.75993
1.75993
1.75992
1.75992
1.75996
1.75996
1.75995
1.75996
1.75996
1.75996
1.75995
1.75995
1.75995
1.75995
1.74191
1.7419
1.74191
1.7419
1.7419
1.7419
1.7419
1.7419
1.7419
1.7419
1.74188
1.74187
1.74187
1.74187
1.74186
1.74194
1.74191
1.74188
1.74185
1.7418
1.74176
1.74174
1.74174
1.74178
1.74188
1.70799
1.708
1.708
1.708
1.708
1.708
1.708
1.708
1.70799
1.708
1.708
1.70799
1.70799
1.70799
1.70798
1.70798
1.70798
1.70798
1.70798
1.70798
1.70798
1.70797
1.70796
1.70796
1.70795
1.70795
1.70795
1.70794
1.70793
1.70793
1.70793
1.70794
1.70795
1.70796
1.70796
1.70797
1.70796
1.70795
1.70795
1.70795
1.70795
1.70795
1.70795
1.70795
1.70794
1.70794
1.70794
1.70795
1.70794
1.70793
1.70793
1.70794
1.70794
1.70794
1.70794
1.70795
1.70795
1.70794
1.70794
1.70793
1.70793
1.70794
1.70794
1.70795
1.70794
1.70794
1.70793
1.70794
1.70793
1.70793
1.70792
1.70792
1.70792
1.70791
1.70791
1.70791
1.70791
1.70792
1.70792
1.70791
1.70791
1.70791
1.7079
1.7079
1.70791
1.70791
1.7079
1.70789
1.7079
1.70789
1.70788
1.70789
1.70789
1.7079
1.70789
1.70789
1.70789
1.70788
1.70788
1.70788
1.70788
1.70789
1.70788
1.70788
1.70787
1.70788
1.70788
1.70788
1.70787
1.70788
1.70788
1.70787
1.70788
1.70788
1.70788
1.70788
1.70788
1.70787
1.70788
1.70787
1.70786
1.70786
1.70787
1.70787
1.70787
1.70788
1.70788
1.70788
1.70788
1.70788
1.70788
1.70789
1.70789
1.70789
1.70789
1.70789
1.70789
1.7079
1.7079
1.7079
1.7079
1.70789
1.70788
1.70787
1.70787
1.70788
1.70788
1.70787
1.70788
1.70788
1.70789
1.70789
1.70789
1.70788
1.70788
1.70787
1.70786
1.70787
1.70787
1.70787
1.70787
1.70788
1.70788
1.70788
1.70787
1.70786
1.70788
1.70788
1.70787
1.70787
1.70788
1.70787
1.70787
1.70787
1.70787
1.70788
1.70788
1.70788
1.70788
1.70788
1.70787
1.70787
1.70787
1.70788
1.70787
1.70788
1.70788
1.70787
1.70787
1.70788
1.70789
1.7079
1.7079
1.7079
1.7079
1.70789
1.70789
1.70788
1.70787
1.70787
1.70787
1.70787
1.70787
1.70787
1.70787
1.70787
1.70787
1.70787
1.70787
1.70787
1.70786
1.70786
1.70786
1.70785
1.70785
1.70783
1.70784
1.70783
1.70783
1.70782
1.70783
1.70783
1.70782
1.70781
1.70781
1.7078
1.70781
1.70781
1.70781
1.70781
1.70781
1.70781
1.70782
1.70782
1.70783
1.70782
1.70783
1.70781
1.70781
1.70781
1.70779
1.70778
1.70777
1.70777
1.70777
1.70777
1.70777
1.70777
1.70776
1.70776
1.70776
1.70777
1.70776
1.70776
1.70777
1.70777
1.70777
1.70776
1.70777
1.70778
1.70777
1.70777
1.70777
1.70777
1.70776
1.70776
1.70777
1.70777
1.70779
1.70779
1.70778
1.70779
1.70777
1.70778
1.70778
1.70778
1.70777
1.70777
1.70778
1.70779
1.70779
1.70778
1.70778
1.70777
1.70778
1.70778
1.70778
1.70778
1.70779
1.70778
1.70778
1.70777
1.70777
1.70777
1.70776
1.70777
1.70777
1.70778
1.70778
1.70777
1.70778
1.70778
1.70778
1.70779
1.70779
1.70779
1.70779
1.70779
1.70779
1.70779
1.7078
1.70779
1.70778
1.70778
1.70779
1.70779
1.70779
1.70779
1.70778
1.70778
1.70778
1.70778
1.70778
1.70779
1.70779
1.70778
1.70779
1.70779
1.70778
1.70778
1.70779
1.70779
1.70779
1.70778
1.70778
1.70778
1.70777
1.70776
1.70775
1.70776
1.70777
1.70778
1.70778
1.70777
1.70777
1.70776
1.70776
1.70777
1.70777
1.70777
1.70778
1.70778
1.70778
1.70777
1.70777
1.70777
1.70776
1.70775
1.70776
1.70775
1.70775
1.70776
1.70776
1.70776
1.70776
1.70777
1.70777
1.70777
1.70777
1.70777
1.70778
1.70778
1.70777
1.70777
1.70777
1.70776
1.70776
1.70778
1.70778
1.70778
1.70779
1.70779
1.7078
1.7078
1.70779
1.70779
1.70778
1.70777
1.70776
1.70776
1.70775
1.70775
1.70774
1.70774
1.70774
1.70774
1.70774
1.70773
1.70774
1.70774
1.70774
1.70774
1.70775
1.70775
1.70774
1.70774
1.70774
1.70774
1.70774
1.70774
1.70776
1.70776
1.70776
1.70776
1.70776
1.70776
1.70776
1.70777
1.70777
1.70778
1.70778
1.70778
1.70778
1.70779
1.70779
1.70779
1.70779
1.70779
1.70778
1.70779
1.70779
1.70779
1.7078
1.7078
1.7078
1.70781
1.70781
1.70782
1.70782
1.70782
1.70782
1.70781
1.70781
1.70782
1.70782
1.70782
1.70783
1.70783
1.70784
1.70784
1.70785
1.70784
1.70784
1.70785
1.70785
1.70785
1.70784
1.70785
1.70784
1.70785
1.70785
1.70785
1.70784
1.70785
1.70784
1.70784
1.70785
1.70785
1.70786
1.70786
1.70786
1.70786
1.70788
1.70788
1.70788
1.70789
1.70789
1.70788
1.70789
1.70789
1.70789
1.70789
1.70788
1.70787
1.70788
1.70787
1.70788
1.70788
1.70788
1.70788
1.70788
1.70788
1.70789
1.70788
1.70788
1.70789
1.7079
1.70791
1.70791
1.70791
