1.2
1.18814
1.15296
1.09589
1.01867
0.924156
0.816652
0.702024
0.587551
0.481394
0.391534
0.32443
0.283787
0.269898
0.279817
0.308247
0.351016
0.397431
0.443902
0.486359
0.522136
0.549867
0.569254
0.580829
0.585676
1.42157
1.40513
1.36567
1.30735
1.23528
1.15557
1.07494
1.00007
0.936836
0.889894
0.862165
0.854523
0.86557
0.891673
0.927598
0.969491
1.00758
1.0396
1.06263
1.07499
1.07631
1.06747
1.05078
1.0298
1.00911
1.1467
1.13658
1.13403
1.14012
1.15393
1.17295
1.19398
1.21404
1.23097
1.24369
1.25222
1.257
1.25847
1.25662
1.25124
1.24145
1.22812
1.21135
1.19162
1.16922
1.14411
1.11655
1.08788
1.06147
1.04225
1.08923
1.09306
1.10477
1.11832
1.12835
1.13231
1.13083
1.12737
1.12703
1.13431
1.15089
1.1743
1.19902
1.21903
1.22993
1.22972
1.21929
1.20153
1.17965
1.15658
1.1346
1.11565
1.10114
1.09203
1.08843
1.1415
1.14605
1.15196
1.158
1.16318
1.16689
1.16902
1.16998
1.17051
1.17158
1.17424
1.17947
1.1878
1.19895
1.21175
1.22431
1.23427
1.2395
1.23831
1.22972
1.21381
1.19213
1.16812
1.14679
1.13349
1.1319
1.14202
1.15961
1.17795
1.19121
1.19669
1.19515
1.18977
1.18456
1.18285
1.18639
1.19492
1.20671
1.21911
1.2296
1.23641
1.23928
1.23943
1.23891
1.23962
1.24227
1.24593
1.24812
1.24543
1.23459
1.21373
1.18323
1.14617
1.10769
1.07392
1.05045
1.04091
1.04626
1.06492
1.0935
1.12783
1.16396
1.19887
1.23054
1.2578
1.2799
1.29615
1.30574
1.30785
1.30201
1.28841
1.26813
1.24329
1.21695
1.19253
1.17324
1.16129
1.15731
1.16024
1.16736
1.17478
1.17867
1.17648
1.16815
1.15571
1.14221
1.1306
1.123
1.12051
1.12315
1.13009
1.13998
1.15128
1.16258
1.1725
1.17969
1.18287
1.18125
1.17519
1.16671
1.15942
1.15792
1.16635
1.18663
1.21761
1.25525
1.29385
1.32733
1.3504
1.35949
1.35317
1.33219
1.29905
1.25774
1.21319
1.17048
1.1341
1.10696
1.09005
1.08287
1.08422
1.09284
1.10794
1.12893
1.15498
1.1843
1.21409
1.24114
1.26294
1.27841
1.28782
1.29217
1.29249
1.28923
1.28211
1.27036
1.25323
1.23044
1.2026
1.17164
1.14079
1.11385
1.09398
1.08285
1.08026
1.08467
1.09373
1.10505
1.11653
1.12685
1.13575
1.14397
1.15272
1.16304
1.17527
1.1889
1.20311
1.21694
1.22955
1.24012
1.248
1.25248
1.25304
1.2495
1.24233
1.23295
1.22345
1.21609
1.21236
1.21281
1.21703
1.22383
1.23159
1.23836
1.24205
1.24085
1.23365
1.22054
1.20312
1.18431
1.16749
1.15529
1.14861
1.14635
1.14624
1.14601
1.14434
1.14103
1.13687
1.13318
1.13118
1.13167
1.1352
1.14225
1.15362
1.17026
1.19264
1.21984
1.24889
1.27534
1.29424
1.30139
1.2945
1.27377
1.24219
1.20504
1.16852
1.13804
1.11688
1.10604
1.1049
1.11206
1.1257
1.14364
1.16348
1.18256
1.19865
1.21016
1.21661
1.21837
1.21632
1.21158
1.20533
1.19869
1.19263
1.18767
1.18381
1.18095
1.17954
1.18089
1.18684
1.19854
1.21534
1.23463
1.25266
1.26581
1.27154
1.26903
1.25884
1.24262
1.22243
1.20028
1.17798
1.15683
1.13811
1.12309
1.11278
1.10768
1.10746
1.11077
1.11559
1.11975
1.12157
1.12053
1.11727
1.11314
1.10957
1.1075
1.10719
1.10842
1.11067
1.11343
1.11632
1.11938
1.12313
1.1283
1.13557
1.14514
1.15661
1.16896
1.18078
1.19079
1.19833
1.20381
1.20886
1.2157
1.22589
1.23958
1.25553
1.27168
1.28577
1.29566
1.29961
1.29643
1.28568
1.26801
1.24553
1.22147
1.1996
1.18295
1.17276
1.16835
1.16756
1.16796
1.16782
1.1666
1.16462
1.1622
1.15898
1.15388
1.14594
1.1353
1.12342
1.11305
1.10721
1.1079
1.11537
1.12867
1.14663
1.16821
1.19195
1.21579
1.23718
1.2536
1.26302
1.26424
1.25748
1.24449
1.22857
1.21404
1.20498
1.20377
1.21012
1.22161
1.23521
1.24862
1.26052
1.26986
1.27569
1.27709
1.27372
1.26589
1.25471
1.2416
1.22785
1.21439
1.2015
1.18914
1.17711
1.16529
1.15357
1.1417
1.12937
1.11665
1.1046
1.09548
1.09221
1.09733
1.1118
1.13456
1.16268
1.19212
1.21836
1.23727
1.24627
1.24504
1.23544
1.22085
1.20497
1.19076
1.17994
1.173
1.16974
1.16996
1.17408
1.1829
1.19704
1.21642
1.23973
1.26471
1.28859
1.30892
1.32393
1.33248
1.33383
1.32739
1.31273
1.29024
1.26134
1.22848
1.19436
1.16122
1.13043
1.10284
1.07922
1.06061
1.04839
1.04373
1.04712
1.0579
1.07427
1.09362
1.11334
1.13148
1.14731
1.16132
1.1746
1.18838
1.20314
1.21841
1.23314
1.24624
1.25694
1.26466
1.26868
1.26783
1.26082
1.24689
1.22636
1.20096
1.17357
1.14779
1.12685
1.11266
1.10582
1.10604
1.11284
1.12551
1.14266
1.16218
1.18155
1.19824
1.21015
1.21618
1.21647
1.21263
1.20708
1.2023
1.20014
1.20143
1.20591
1.21276
1.22111
1.23053
1.24084
1.25147
1.26104
1.26731
1.2678
1.26084
1.24639
1.22649
1.20498
1.18644
1.17494
1.17276
1.1797
1.19321
1.20948
1.22509
1.23836
1.24951
1.25919
1.26706
1.2718
1.27216
1.26757
1.2582
1.24496
1.22937
1.21326
1.19839
1.18627
1.17821
1.17504
1.17678
1.18189
1.1871
1.18809
1.18113
1.16461
1.13956
1.10899
1.07667
1.04608
1.02015
1.00178
0.993673
0.997818
1.01465
1.04267
1.07867
1.11851
1.15801
1.19372
1.22334
1.24582
1.26119
1.27031
1.27442
1.27485
1.27275
1.26896
1.26386
1.25757
1.2501
1.24169
1.23277
1.22349
1.21345
1.2
1.18814
1.15296
1.09589
1.01867
0.924156
0.816652
0.702024
0.587551
0.481394
0.391534
0.32443
0.283787
0.269898
0.279817
0.308247
0.351016
0.397431
0.443902
0.486359
0.522136
0.549867
0.569254
0.580829
0.585676
1.42157
1.40513
1.36567
1.30735
1.23528
1.15557
1.07494
1.00007
0.936836
0.889894
0.862165
0.854523
0.86557
0.891673
0.927598
0.969491
1.00758
1.0396
1.06263
1.07499
1.07631
1.06747
1.05078
1.0298
1.00911
1.1467
1.13658
1.13403
1.14012
1.15393
1.17295
1.19398
1.21404
1.23097
1.24369
1.25222
1.257
1.25847
1.25662
1.25124
1.24145
1.22812
1.21135
1.19162
1.16922
1.14411
1.11655
1.08788
1.06147
1.04225
1.08923
1.09306
1.10477
1.11832
1.12835
1.13231
1.13083
1.12737
1.12703
1.13431
1.15089
1.1743
1.19902
1.21903
1.22993
1.22972
1.21929
1.20153
1.17965
1.15658
1.1346
1.11565
1.10114
1.09203
1.08843
1.1415
1.14605
1.15196
1.158
1.16318
1.16689
1.16902
1.16998
1.17051
1.17158
1.17424
1.17947
1.1878
1.19895
1.21175
1.22431
1.23427
1.2395
1.23831
1.22972
1.21381
1.19213
1.16812
1.14679
1.13349
1.1319
1.14202
1.15961
1.17795
1.19121
1.19669
1.19515
1.18977
1.18456
1.18285
1.18639
1.19492
1.20671
1.21911
1.2296
1.23641
1.23928
1.23943
1.23891
1.23962
1.24227
1.24593
1.24812
1.24543
1.23459
1.21373
1.18323
1.14617
1.10769
1.07392
1.05045
1.04091
1.04626
1.06492
1.0935
1.12783
1.16396
1.19887
1.23054
1.2578
1.2799
1.29615
1.30574
1.30785
1.30201
1.28841
1.26813
1.24329
1.21695
1.19253
1.17324
1.16129
1.15731
1.16024
1.16736
1.17478
1.17867
1.17648
1.16815
1.15571
1.14221
1.1306
1.123
1.12051
1.12315
1.13009
1.13998
1.15128
1.16258
1.1725
1.17969
1.18287
1.18125
1.17519
1.16671
1.15942
1.15792
1.16635
1.18663
1.21761
1.25525
1.29385
1.32733
1.3504
1.35949
1.35317
1.33219
1.29905
1.25774
1.21319
1.17048
1.1341
1.10696
1.09005
1.08287
1.08422
1.09284
1.10794
1.12893
1.15498
1.1843
1.21409
1.24114
1.26294
1.27841
1.28782
1.29217
1.29249
1.28923
1.28211
1.27036
1.25323
1.23044
1.2026
1.17164
1.14079
1.11385
1.09398
1.08285
1.08026
1.08467
1.09373
1.10505
1.11653
1.12685
1.13575
1.14397
1.15272
1.16304
1.17527
1.1889
1.20311
1.21694
1.22955
1.24012
1.248
1.25248
1.25304
1.2495
1.24233
1.23295
1.22345
1.21609
1.21236
1.21281
1.21703
1.22383
1.23159
1.23836
1.24205
1.24085
1.23365
1.22054
1.20312
1.18431
1.16749
1.15529
1.14861
1.14635
1.14624
1.14601
1.14434
1.14103
1.13687
1.13318
1.13118
1.13167
1.1352
1.14225
1.15362
1.17026
1.19264
1.21984
1.24889
1.27534
1.29424
1.30139
1.2945
1.27377
1.24219
1.20504
1.16852
1.13804
1.11688
1.10604
1.1049
1.11206
1.1257
1.14364
1.16348
1.18256
1.19865
1.21016
1.21661
1.21837
1.21632
1.21158
1.20533
1.19869
1.19263
1.18767
1.18381
1.18095
1.17954
1.18089
1.18684
1.19854
1.21534
1.23463
1.25266
1.26581
1.27154
1.26903
1.25884
1.24262
1.22243
1.20028
1.17798
1.15683
1.13811
1.12309
1.11278
1.10768
1.10746
1.11077
1.11559
1.11975
1.12157
1.12053
1.11727
1.11314
1.10957
1.1075
1.10719
1.10842
1.11067
1.11343
1.11632
1.11938
1.12313
1.1283
1.13557
1.14514
1.15661
1.16896
1.18078
1.19079
1.19833
1.20381
1.20886
1.2157
1.22589
1.23958
1.25553
1.27168
1.28577
1.29566
1.29961
1.29643
1.28568
1.26801
1.24553
1.22147
1.1996
1.18295
1.17276
1.16835
1.16756
1.16796
1.16782
1.1666
1.16462
1.1622
1.15898
1.15388
1.14594
1.1353
1.12342
1.11305
1.10721
1.1079
1.11537
1.12867
1.14663
1.16821
1.19195
1.21579
1.23718
1.2536
1.26302
1.26424
1.25748
1.24449
1.22857
1.21404
1.20498
1.20377
1.21012
1.22161
1.23521
1.24862
1.26052
1.26986
1.27569
1.27709
1.27372
1.26589
1.25471
1.2416
1.22785
1.21439
1.2015
1.18914
1.17711
1.16529
1.15357
1.1417
1.12937
1.11665
1.1046
1.09548
1.09221
1.09733
1.1118
1.13456
1.16268
1.19212
1.21836
1.23727
1.24627
1.24504
1.23544
1.22085
1.20497
1.19076
1.17994
1.173
1.16974
1.16996
1.17408
1.1829
1.19704
1.21642
1.23973
1.26471
1.28859
1.30892
1.32393
1.33248
1.33383
1.32739
1.31273
1.29024
1.26134
1.22848
1.19436
1.16122
1.13043
1.10284
1.07922
1.06061
1.04839
1.04373
1.04712
1.0579
1.07427
1.09362
1.11334
1.13148
1.14731
1.16132
1.1746
1.18838
1.20314
1.21841
1.23314
1.24624
1.25694
1.26466
1.26868
1.26783
1.26082
1.24689
1.22636
1.20096
1.17357
1.14779
1.12685
1.11266
1.10582
1.10604
1.11284
1.12551
1.14266
1.16218
1.18155
1.19824
1.21015
1.21618
1.21647
1.21263
1.20708
1.2023
1.20014
1.20143
1.20591
1.21276
1.22111
1.23053
1.24084
1.25147
1.26104
1.26731
1.2678
1.26084
1.24639
1.22649
1.20498
1.18644
1.17494
1.17276
1.1797
1.19321
1.20948
1.22509
1.23836
1.24951
1.25919
1.26706
1.2718
1.27216
1.26757
1.2582
1.24496
1.22937
1.21326
1.19839
1.18627
1.17821
1.17504
1.17678
1.18189
1.1871
1.18809
1.18113
1.16461
1.13956
1.10899
1.07667
1.04608
1.02015
1.00178
0.993673
0.997818
1.01465
1.04267
1.07867
1.11851
1.15801
1.19372
1.22334
1.24582
1.26119
1.27031
1.27442
1.27485
1.27275
1.26896
1.26386
1.25757
1.2501
1.24169
1.23277
1.22349
1.21345
