1.1
1.09897
1.09584
1.09044
1.0825
1.07166
1.05743
1.03923
1.01639
0.988217
0.954098
0.913674
0.867014
0.814829
0.758678
0.70096
0.642022
0.590859
0.547458
0.513802
0.490752
0.478039
0.474423
0.478037
0.486715
1.03501
1.04906
1.05523
1.05341
1.04441
1.02974
1.01133
0.991157
0.970887
0.951601
0.93387
0.918032
0.904534
0.893933
0.886648
0.882633
0.881999
0.884143
0.888691
0.895103
0.902553
0.909991
0.916444
0.921331
0.924699
1.12958
1.13073
1.12985
1.12753
1.12408
1.11954
1.11384
1.10678
1.09813
1.0878
1.07601
1.06331
1.05051
1.03869
1.02924
1.02349
1.02252
1.02459
1.02677
1.02622
1.02168
1.01395
1.00543
0.999042
0.997063
1.08374
1.09079
1.0994
1.10748
1.11315
1.11526
1.11351
1.10854
1.10182
1.09508
1.0896
1.08564
1.08257
1.07961
1.07658
1.07402
1.07314
1.07444
1.07778
1.08223
1.08654
1.08971
1.09146
1.09221
1.09253
1.10842
1.10751
1.10509
1.10145
1.09786
1.09595
1.09694
1.1014
1.10919
1.11943
1.13061
1.14081
1.14845
1.15253
1.15266
1.14904
1.14228
1.13338
1.12345
1.11346
1.10411
1.09589
1.08916
1.08393
1.07987
1.07622
1.07215
1.06706
1.06099
1.05486
1.05012
1.04796
1.04874
1.05194
1.05626
1.05977
1.06025
1.05604
1.04713
1.0358
1.0257
1.0194
1.01664
1.01571
1.01611
1.01924
1.02706
1.04037
1.05807
1.07752
1.09555
1.10949
1.11788
1.12076
1.11955
1.11632
1.11289
1.1102
1.10822
1.10644
1.10435
1.10166
1.09823
1.09386
1.08822
1.08094
1.07184
1.06128
1.0506
1.04217
1.03882
1.04269
1.05424
1.07205
1.09357
1.11619
1.13776
1.15682
1.17233
1.18353
1.18976
1.1904
1.18492
1.173
1.15509
1.13282
1.10921
1.08811
1.07295
1.0653
1.06437
1.0673
1.07063
1.07202
1.07154
1.0714
1.0739
1.07933
1.08574
1.09059
1.0925
1.09173
1.0895
1.08676
1.08357
1.07946
1.07443
1.06925
1.06507
1.06247
1.06096
1.05924
1.05613
1.05138
1.04602
1.04207
1.04182
1.0468
1.05696
1.07072
1.0858
1.10029
1.11308
1.12373
1.13217
1.13841
1.14243
1.14417
1.14345
1.13998
1.13339
1.12334
1.10979
1.09307
1.07373
1.05225
1.02909
1.00515
0.982121
0.962321
0.948209
0.941841
0.9443
0.955154
0.972469
0.993341
1.01474
1.03422
1.05021
1.06203
1.06958
1.07294
1.07225
1.06792
1.06084
1.05251
1.04466
1.0388
1.03591
1.03619
1.03907
1.04325
1.04701
1.04878
1.04762
1.04343
1.0369
1.02927
1.02214
1.01757
1.01814
1.02652
1.04418
1.07014
1.10084
1.13154
1.15805
1.17773
1.18957
1.19382
1.19149
1.18391
1.17231
1.15768
1.14073
1.12225
1.10344
1.08594
1.07118
1.05978
1.05136
1.04504
1.04025
1.03715
1.03668
1.03991
1.04675
1.0552
1.06186
1.06327
1.05714
1.04285
1.02163
0.996435
0.971676
0.952091
0.941046
0.939269
0.945079
0.955647
0.968308
0.981297
0.993954
1.0064
1.01892
1.03141
1.04356
1.05522
1.0664
1.07698
1.08628
1.09297
1.09527
1.09151
1.08057
1.06229
1.03763
1.00855
0.977845
0.949199
0.927101
0.916351
0.920519
0.940085
0.971712
1.0096
1.04776
1.08169
1.10863
1.12724
1.13713
1.13857
1.13243
1.12035
1.10482
1.08885
1.07531
1.06605
1.06134
1.05978
1.05904
1.05697
1.0526
1.04653
1.04034
1.0357
1.0337
1.03448
1.0372
1.04025
1.0417
1.04006
1.03483
1.02684
1.01813
1.01132
1.0088
1.012
1.02104
1.03474
1.05091
1.06667
1.07895
1.08518
1.08386
1.07506
1.06083
1.04491
1.0315
1.02332
1.02033
1.02047
1.02123
1.02109
1.01991
1.0188
1.01951
1.02381
1.03293
1.04721
1.06619
1.08878
1.11356
1.1389
1.16312
1.18451
1.20146
1.21261
1.21708
1.21453
1.20531
1.19043
1.17153
1.15071
1.13042
1.11314
1.10089
1.09486
1.09509
1.10069
1.1102
1.12218
1.13539
1.1488
1.16139
1.17207
1.17961
1.18283
1.18075
1.17275
1.1587
1.13947
1.11715
1.09486
1.07554
1.06036
1.04862
1.03931
1.03262
1.02981
1.03195
1.03894
1.04953
1.06199
1.07464
1.08609
1.09507
1.10035
1.10109
1.09715
1.08937
1.07941
1.0693
1.06084
1.05521
1.05286
1.05353
1.05648
1.06072
1.06526
1.0694
1.07301
1.07674
1.08177
1.08911
1.09883
1.10972
1.1195
1.12531
1.1244
1.1151
1.09803
1.07698
1.0581
1.04741
1.04809
1.05907
1.07597
1.09371
1.10859
1.11872
1.12357
1.12345
1.11936
1.1127
1.10502
1.09772
1.09181
1.08792
1.08659
1.08826
1.09307
1.10061
1.1097
1.11875
1.12615
1.13065
1.13155
1.12865
1.1221
1.11214
1.09897
1.08276
1.06386
1.043
1.02157
1.00154
0.985023
0.97374
0.968414
0.968746
0.973658
0.981752
0.991759
1.00272
1.01394
1.02476
1.03432
1.04173
1.04624
1.04752
1.0456
1.04108
1.0353
1.03025
1.02771
1.02817
1.03068
1.03352
1.03518
1.03495
1.0331
1.03049
1.02817
1.02686
1.02674
1.02755
1.02908
1.03139
1.03477
1.03941
1.04502
1.05072
1.05534
1.05777
1.05723
1.05348
1.04709
1.03964
1.03372
1.03211
1.03661
1.0472
1.06212
1.07841
1.09257
1.10099
1.10082
1.09105
1.07374
1.05389
1.03712
1.02624
1.02007
1.01577
1.01151
1.00721
1.00362
1.00125
1.00003
0.999774
1.00066
1.00334
1.0085
1.01627
1.02587
1.03565
1.04344
1.04721
1.04577
1.03927
1.0292
1.0179
1.00778
1.00061
0.997163
0.997234
1.00017
1.0053
1.01242
1.02189
1.03434
1.04997
1.06786
1.08578
1.10064
1.1098
1.11225
1.10902
1.10233
1.09388
1.08367
1.07053
1.05348
1.0328
1.01018
0.988089
0.969239
0.956517
0.9529
1.1
1.09897
1.09584
1.09044
1.0825
1.07166
1.05743
1.03923
1.01639
0.988217
0.954098
0.913674
0.867014
0.814829
0.758678
0.70096
0.642022
0.590859
0.547458
0.513802
0.490752
0.478039
0.474423
0.478037
0.486715
1.03501
1.04906
1.05523
1.05341
1.04441
1.02974
1.01133
0.991157
0.970887
0.951601
0.93387
0.918032
0.904534
0.893933
0.886648
0.882633
0.881999
0.884143
0.888691
0.895103
0.902553
0.909991
0.916444
0.921331
0.924699
1.12958
1.13073
1.12985
1.12753
1.12408
1.11954
1.11384
1.10678
1.09813
1.0878
1.07601
1.06331
1.05051
1.03869
1.02924
1.02349
1.02252
1.02459
1.02677
1.02622
1.02168
1.01395
1.00543
0.999042
0.997063
1.08374
1.09079
1.0994
1.10748
1.11315
1.11526
1.11351
1.10854
1.10182
1.09508
1.0896
1.08564
1.08257
1.07961
1.07658
1.07402
1.07314
1.07444
1.07778
1.08223
1.08654
1.08971
1.09146
1.09221
1.09253
1.10842
1.10751
1.10509
1.10145
1.09786
1.09595
1.09694
1.1014
1.10919
1.11943
1.13061
1.14081
1.14845
1.15253
1.15266
1.14904
1.14228
1.13338
1.12345
1.11346
1.10411
1.09589
1.08916
1.08393
1.07987
1.07622
1.07215
1.06706
1.06099
1.05486
1.05012
1.04796
1.04874
1.05194
1.05626
1.05977
1.06025
1.05604
1.04713
1.0358
1.0257
1.0194
1.01664
1.01571
1.01611
1.01924
1.02706
1.04037
1.05807
1.07752
1.09555
1.10949
1.11788
1.12076
1.11955
1.11632
1.11289
1.1102
1.10822
1.10644
1.10435
1.10166
1.09823
1.09386
1.08822
1.08094
1.07184
1.06128
1.0506
1.04217
1.03882
1.04269
1.05424
1.07205
1.09357
1.11619
1.13776
1.15682
1.17233
1.18353
1.18976
1.1904
1.18492
1.173
1.15509
1.13282
1.10921
1.08811
1.07295
1.0653
1.06437
1.0673
1.07063
1.07202
1.07154
1.0714
1.0739
1.07933
1.08574
1.09059
1.0925
1.09173
1.0895
1.08676
1.08357
1.07946
1.07443
1.06925
1.06507
1.06247
1.06096
1.05924
1.05613
1.05138
1.04602
1.04207
1.04182
1.0468
1.05696
1.07072
1.0858
1.10029
1.11308
1.12373
1.13217
1.13841
1.14243
1.14417
1.14345
1.13998
1.13339
1.12334
1.10979
1.09307
1.07373
1.05225
1.02909
1.00515
0.982121
0.962321
0.948209
0.941841
0.9443
0.955154
0.972469
0.993341
1.01474
1.03422
1.05021
1.06203
1.06958
1.07294
1.07225
1.06792
1.06084
1.05251
1.04466
1.0388
1.03591
1.03619
1.03907
1.04325
1.04701
1.04878
1.04762
1.04343
1.0369
1.02927
1.02214
1.01757
1.01814
1.02652
1.04418
1.07014
1.10084
1.13154
1.15805
1.17773
1.18957
1.19382
1.19149
1.18391
1.17231
1.15768
1.14073
1.12225
1.10344
1.08594
1.07118
1.05978
1.05136
1.04504
1.04025
1.03715
1.03668
1.03991
1.04675
1.0552
1.06186
1.06327
1.05714
1.04285
1.02163
0.996435
0.971676
0.952091
0.941046
0.939269
0.945079
0.955647
0.968308
0.981297
0.993954
1.0064
1.01892
1.03141
1.04356
1.05522
1.0664
1.07698
1.08628
1.09297
1.09527
1.09151
1.08057
1.06229
1.03763
1.00855
0.977845
0.949199
0.927101
0.916351
0.920519
0.940085
0.971712
1.0096
1.04776
1.08169
1.10863
1.12724
1.13713
1.13857
1.13243
1.12035
1.10482
1.08885
1.07531
1.06605
1.06134
1.05978
1.05904
1.05697
1.0526
1.04653
1.04034
1.0357
1.0337
1.03448
1.0372
1.04025
1.0417
1.04006
1.03483
1.02684
1.01813
1.01132
1.0088
1.012
1.02104
1.03474
1.05091
1.06667
1.07895
1.08518
1.08386
1.07506
1.06083
1.04491
1.0315
1.02332
1.02033
1.02047
1.02123
1.02109
1.01991
1.0188
1.01951
1.02381
1.03293
1.04721
1.06619
1.08878
1.11356
1.1389
1.16312
1.18451
1.20146
1.21261
1.21708
1.21453
1.20531
1.19043
1.17153
1.15071
1.13042
1.11314
1.10089
1.09486
1.09509
1.10069
1.1102
1.12218
1.13539
1.1488
1.16139
1.17207
1.17961
1.18283
1.18075
1.17275
1.1587
1.13947
1.11715
1.09486
1.07554
1.06036
1.04862
1.03931
1.03262
1.02981
1.03195
1.03894
1.04953
1.06199
1.07464
1.08609
1.09507
1.10035
1.10109
1.09715
1.08937
1.07941
1.0693
1.06084
1.05521
1.05286
1.05353
1.05648
1.06072
1.06526
1.0694
1.07301
1.07674
1.08177
1.08911
1.09883
1.10972
1.1195
1.12531
1.1244
1.1151
1.09803
1.07698
1.0581
1.04741
1.04809
1.05907
1.07597
1.09371
1.10859
1.11872
1.12357
1.12345
1.11936
1.1127
1.10502
1.09772
1.09181
1.08792
1.08659
1.08826
1.09307
1.10061
1.1097
1.11875
1.12615
1.13065
1.13155
1.12865
1.1221
1.11214
1.09897
1.08276
1.06386
1.043
1.02157
1.00154
0.985023
0.97374
0.968414
0.968746
0.973658
0.981752
0.991759
1.00272
1.01394
1.02476
1.03432
1.04173
1.04624
1.04752
1.0456
1.04108
1.0353
1.03025
1.02771
1.02817
1.03068
1.03352
1.03518
1.03495
1.0331
1.03049
1.02817
1.02686
1.02674
1.02755
1.02908
1.03139
1.03477
1.03941
1.04502
1.05072
1.05534
1.05777
1.05723
1.05348
1.04709
1.03964
1.03372
1.03211
1.03661
1.0472
1.06212
1.07841
1.09257
1.10099
1.10082
1.09105
1.07374
1.05389
1.03712
1.02624
1.02007
1.01577
1.01151
1.00721
1.00362
1.00125
1.00003
0.999774
1.00066
1.00334
1.0085
1.01627
1.02587
1.03565
1.04344
1.04721
1.04577
1.03927
1.0292
1.0179
1.00778
1.00061
0.997163
0.997234
1.00017
1.0053
1.01242
1.02189
1.03434
1.04997
1.06786
1.08578
1.10064
1.1098
1.11225
1.10902
1.10233
1.09388
1.08367
1.07053
1.05348
1.0328
1.01018
0.988089
0.969239
0.956517
0.9529
