-7.85046
-7.83859
-7.79792
-7.7253
-7.63674
-7.53187
-7.41497
-7.29516
-7.1768
-7.06869
-6.97688
-6.90719
-6.86493
-6.85007
-6.85869
-6.8881
-6.9283
-6.97459
-7.01954
-7.0626
-7.09908
-7.12528
-7.14508
-7.15961
-7.16574
-7.16495
-7.14688
-7.1084
-7.05169
-6.97929
-6.89894
-6.81604
-6.73922
-6.67436
-6.62709
-6.59904
-6.59302
-6.60569
-6.63179
-6.66578
-6.7037
-6.74167
-6.77569
-6.79954
-6.8131
-6.81755
-6.80951
-6.79119
-6.76934
-6.74917
-6.73188
-6.7237
-6.72051
-6.72725
-6.73944
-6.7591
-6.77981
-6.8002
-6.81809
-6.83115
-6.84
-6.84348
-6.84495
-6.84375
-6.83869
-6.83137
-6.81887
-6.79999
-6.77943
-6.75619
-6.73089
-6.70408
-6.67443
-6.64942
-6.63037
-6.6219
-6.62443
-6.6368
-6.6484
-6.65682
-6.6611
-6.66156
-6.65745
-6.65775
-6.66601
-6.68162
-6.70502
-6.73007
-6.75009
-6.76164
-6.76197
-6.75004
-6.7316
-6.71148
-6.68678
-6.66697
-6.6488
-6.63534
-6.6253
-6.62046
-6.62263
-6.62428
-6.62986
-6.63428
-6.63946
-6.64317
-6.64466
-6.64529
-6.64517
-6.64754
-6.6489
-6.65349
-6.66246
-6.67523
-6.68869
-6.70124
-6.7112
-6.71449
-6.71427
-6.70795
-6.6901
-6.66874
-6.64472
-6.62209
-6.60912
-6.60689
-6.61636
-6.63395
-6.6523
-6.66524
-6.67265
-6.67274
-6.66864
-6.66375
-6.66172
-6.66558
-6.67153
-6.68397
-6.69378
-6.70395
-6.71238
-6.71654
-6.71669
-6.71779
-6.71914
-6.72309
-6.72417
-6.72765
-6.72366
-6.71154
-6.69002
-6.65758
-6.62148
-6.58171
-6.54761
-6.52349
-6.5146
-6.5193
-6.54023
-6.56784
-6.60347
-6.63993
-6.67386
-6.70651
-6.73247
-6.75425
-6.77212
-6.78365
-6.78382
-6.77798
-6.76373
-6.74441
-6.71861
-6.69291
-6.66849
-6.65017
-6.63692
-6.63359
-6.63491
-6.64268
-6.65043
-6.65463
-6.6531
-6.64379
-6.63264
-6.62012
-6.60882
-6.60025
-6.59712
-6.60008
-6.60832
-6.61756
-6.62983
-6.64114
-6.65138
-6.6576
-6.65981
-6.65754
-6.65181
-6.64365
-6.63667
-6.63356
-6.64198
-6.66065
-6.69195
-6.72959
-6.77015
-6.80233
-6.82573
-6.83546
-6.83012
-6.81108
-6.77729
-6.73597
-6.69304
-6.65001
-6.61427
-6.58777
-6.57054
-6.56142
-6.56115
-6.56946
-6.58488
-6.60457
-6.62998
-6.65962
-6.69233
-6.71841
-6.74086
-6.75891
-6.76799
-6.77267
-6.77007
-6.76682
-6.76164
-6.74956
-6.73308
-6.70868
-6.68051
-6.64793
-6.61611
-6.58884
-6.56703
-6.55751
-6.55655
-6.56095
-6.57294
-6.58361
-6.59508
-6.60313
-6.61107
-6.61896
-6.62965
-6.64095
-6.65414
-6.66907
-6.68296
-6.69712
-6.70843
-6.719
-6.72947
-6.73362
-6.73321
-6.72708
-6.72347
-6.71442
-6.70297
-6.69172
-6.68831
-6.68812
-6.69137
-6.69979
-6.70626
-6.71238
-6.71737
-6.7178
-6.71188
-6.69846
-6.68006
-6.66157
-6.64378
-6.62963
-6.62263
-6.6207
-6.62188
-6.62133
-6.61966
-6.6157
-6.61381
-6.61141
-6.60908
-6.61055
-6.61343
-6.62113
-6.6325
-6.64849
-6.67249
-6.70033
-6.72809
-6.75357
-6.77248
-6.77995
-6.77048
-6.75072
-6.72011
-6.68263
-6.6461
-6.61627
-6.59414
-6.58201
-6.58152
-6.58771
-6.60231
-6.61929
-6.6388
-6.65692
-6.673
-6.68451
-6.69097
-6.69304
-6.6897
-6.68593
-6.68065
-6.67401
-6.6686
-6.66428
-6.65848
-6.65822
-6.6568
-6.6588
-6.66313
-6.6745
-6.68904
-6.70995
-6.73025
-6.7421
-6.74687
-6.74533
-6.73417
-6.7173
-6.69678
-6.6756
-6.65427
-6.63053
-6.61343
-6.59614
-6.58648
-6.58365
-6.58602
-6.58804
-6.59157
-6.59702
-6.5969
-6.59553
-6.59227
-6.58813
-6.58392
-6.58087
-6.58154
-6.5818
-6.58438
-6.58973
-6.59456
-6.59794
-6.60169
-6.6088
-6.61931
-6.62953
-6.63906
-6.65044
-6.66226
-6.67033
-6.67819
-6.68238
-6.68743
-6.69297
-6.70316
-6.71653
-6.73216
-6.74961
-6.76401
-6.77423
-6.77916
-6.77663
-6.76296
-6.74561
-6.72248
-6.69972
-6.67623
-6.65893
-6.65003
-6.64659
-6.64322
-6.64297
-6.64478
-6.64486
-6.64254
-6.63818
-6.634
-6.62728
-6.62128
-6.61161
-6.60005
-6.59065
-6.58481
-6.5855
-6.59167
-6.60465
-6.62294
-6.6429
-6.66858
-6.69501
-6.71576
-6.73088
-6.74095
-6.74152
-6.73703
-6.72597
-6.70974
-6.69488
-6.68516
-6.68234
-6.68837
-6.70018
-6.71411
-6.72849
-6.74039
-6.75103
-6.7575
-6.75761
-6.7552
-6.74705
-6.73846
-6.72664
-6.70966
-6.69911
-6.68493
-6.66998
-6.65633
-6.64516
-6.6315
-6.62189
-6.60892
-6.59749
-6.58382
-6.5734
-6.56657
-6.56942
-6.58422
-6.60697
-6.63575
-6.66649
-6.69272
-6.71294
-6.72323
-6.72265
-6.71239
-6.6965
-6.6816
-6.66739
-6.65786
-6.65027
-6.64734
-6.64853
-6.65232
-6.65887
-6.67528
-6.69661
-6.71895
-6.74231
-6.76748
-6.78749
-6.80347
-6.81234
-6.81338
-6.80791
-6.79131
-6.76751
-6.73926
-6.70608
-6.67423
-6.64108
-6.60997
-6.58173
-6.55746
-6.5395
-6.52695
-6.52099
-6.52438
-6.53614
-6.55251
-6.56992
-6.59159
-6.61005
-6.62491
-6.63924
-6.65155
-6.66436
-6.67847
-6.69407
-6.71074
-6.72221
-6.73291
-6.74193
-6.7479
-6.74575
-6.73842
-6.72352
-6.70557
-6.67855
-6.65246
-6.62506
-6.60217
-6.58831
-6.58308
-6.58459
-6.59172
-6.60407
-6.61798
-6.63621
-6.65688
-6.67518
-6.68969
-6.69474
-6.69601
-6.69217
-6.68564
-6.68248
-6.67935
-6.68031
-6.68511
-6.69229
-6.69934
-6.70844
-6.72004
-6.73067
-6.74089
-6.74522
-6.74377
-6.73843
-6.72495
-6.70408
-6.68159
-6.66466
-6.65349
-6.65099
-6.6589
-6.67241
-6.68901
-6.70527
-6.71756
-6.73001
-6.7384
-6.74659
-6.75165
-6.75234
-6.74678
-6.73773
-6.72352
-6.70857
-6.69084
-6.67597
-6.66353
-6.65482
-6.65359
-6.65371
-6.65818
-6.66177
-6.66438
-6.65516
-6.63734
-6.61423
-6.58333
-6.55166
-6.52204
-6.49676
-6.47644
-6.46769
-6.47345
-6.49093
-6.51928
-6.55463
-6.59512
-6.63527
-6.6726
-6.69996
-6.72568
-6.73878
-6.74952
-6.75428
-6.756
-6.75228
-6.74882
-6.74209
-6.73516
-6.72963
-6.72317
-6.7136
-6.70205
-6.69201
-7.85046
-7.83859
-7.79792
-7.7253
-7.63674
-7.53187
-7.41497
-7.29516
-7.1768
-7.06869
-6.97688
-6.90719
-6.86493
-6.85007
-6.85869
-6.8881
-6.9283
-6.97459
-7.01954
-7.0626
-7.09908
-7.12528
-7.14508
-7.15961
-7.16574
-7.16495
-7.14688
-7.1084
-7.05169
-6.97929
-6.89894
-6.81604
-6.73922
-6.67436
-6.62709
-6.59904
-6.59302
-6.60569
-6.63179
-6.66578
-6.7037
-6.74167
-6.77569
-6.79954
-6.8131
-6.81755
-6.80951
-6.79119
-6.76934
-6.74917
-6.73188
-6.7237
-6.72051
-6.72725
-6.73944
-6.7591
-6.77981
-6.8002
-6.81809
-6.83115
-6.84
-6.84348
-6.84495
-6.84375
-6.83869
-6.83137
-6.81887
-6.79999
-6.77943
-6.75619
-6.73089
-6.70408
-6.67443
-6.64942
-6.63037
-6.6219
-6.62443
-6.6368
-6.6484
-6.65682
-6.6611
-6.66156
-6.65745
-6.65775
-6.66601
-6.68162
-6.70502
-6.73007
-6.75009
-6.76164
-6.76197
-6.75004
-6.7316
-6.71148
-6.68678
-6.66697
-6.6488
-6.63534
-6.6253
-6.62046
-6.62263
-6.62428
-6.62986
-6.63428
-6.63946
-6.64317
-6.64466
-6.64529
-6.64517
-6.64754
-6.6489
-6.65349
-6.66246
-6.67523
-6.68869
-6.70124
-6.7112
-6.71449
-6.71427
-6.70795
-6.6901
-6.66874
-6.64472
-6.62209
-6.60912
-6.60689
-6.61636
-6.63395
-6.6523
-6.66524
-6.67265
-6.67274
-6.66864
-6.66375
-6.66172
-6.66558
-6.67153
-6.68397
-6.69378
-6.70395
-6.71238
-6.71654
-6.71669
-6.71779
-6.71914
-6.72309
-6.72417
-6.72765
-6.72366
-6.71154
-6.69002
-6.65758
-6.62148
-6.58171
-6.54761
-6.52349
-6.5146
-6.5193
-6.54023
-6.56784
-6.60347
-6.63993
-6.67386
-6.70651
-6.73247
-6.75425
-6.77212
-6.78365
-6.78382
-6.77798
-6.76373
-6.74441
-6.71861
-6.69291
-6.66849
-6.65017
-6.63692
-6.63359
-6.63491
-6.64268
-6.65043
-6.65463
-6.6531
-6.64379
-6.63264
-6.62012
-6.60882
-6.60025
-6.59712
-6.60008
-6.60832
-6.61756
-6.62983
-6.64114
-6.65138
-6.6576
-6.65981
-6.65754
-6.65181
-6.64365
-6.63667
-6.63356
-6.64198
-6.66065
-6.69195
-6.72959
-6.77015
-6.80233
-6.82573
-6.83546
-6.83012
-6.81108
-6.77729
-6.73597
-6.69304
-6.65001
-6.61427
-6.58777
-6.57054
-6.56142
-6.56115
-6.56946
-6.58488
-6.60457
-6.62998
-6.65962
-6.69233
-6.71841
-6.74086
-6.75891
-6.76799
-6.77267
-6.77007
-6.76682
-6.76164
-6.74956
-6.73308
-6.70868
-6.68051
-6.64793
-6.61611
-6.58884
-6.56703
-6.55751
-6.55655
-6.56095
-6.57294
-6.58361
-6.59508
-6.60313
-6.61107
-6.61896
-6.62965
-6.64095
-6.65414
-6.66907
-6.68296
-6.69712
-6.70843
-6.719
-6.72947
-6.73362
-6.73321
-6.72708
-6.72347
-6.71442
-6.70297
-6.69172
-6.68831
-6.68812
-6.69137
-6.69979
-6.70626
-6.71238
-6.71737
-6.7178
-6.71188
-6.69846
-6.68006
-6.66157
-6.64378
-6.62963
-6.62263
-6.6207
-6.62188
-6.62133
-6.61966
-6.6157
-6.61381
-6.61141
-6.60908
-6.61055
-6.61343
-6.62113
-6.6325
-6.64849
-6.67249
-6.70033
-6.72809
-6.75357
-6.77248
-6.77995
-6.77048
-6.75072
-6.72011
-6.68263
-6.6461
-6.61627
-6.59414
-6.58201
-6.58152
-6.58771
-6.60231
-6.61929
-6.6388
-6.65692
-6.673
-6.68451
-6.69097
-6.69304
-6.6897
-6.68593
-6.68065
-6.67401
-6.6686
-6.66428
-6.65848
-6.65822
-6.6568
-6.6588
-6.66313
-6.6745
-6.68904
-6.70995
-6.73025
-6.7421
-6.74687
-6.74533
-6.73417
-6.7173
-6.69678
-6.6756
-6.65427
-6.63053
-6.61343
-6.59614
-6.58648
-6.58365
-6.58602
-6.58804
-6.59157
-6.59702
-6.5969
-6.59553
-6.59227
-6.58813
-6.58392
-6.58087
-6.58154
-6.5818
-6.58438
-6.58973
-6.59456
-6.59794
-6.60169
-6.6088
-6.61931
-6.62953
-6.63906
-6.65044
-6.66226
-6.67033
-6.67819
-6.68238
-6.68743
-6.69297
-6.70316
-6.71653
-6.73216
-6.74961
-6.76401
-6.77423
-6.77916
-6.77663
-6.76296
-6.74561
-6.72248
-6.69972
-6.67623
-6.65893
-6.65003
-6.64659
-6.64322
-6.64297
-6.64478
-6.64486
-6.64254
-6.63818
-6.634
-6.62728
-6.62128
-6.61161
-6.60005
-6.59065
-6.58481
-6.5855
-6.59167
-6.60465
-6.62294
-6.6429
-6.66858
-6.69501
-6.71576
-6.73088
-6.74095
-6.74152
-6.73703
-6.72597
-6.70974
-6.69488
-6.68516
-6.68234
-6.68837
-6.70018
-6.71411
-6.72849
-6.74039
-6.75103
-6.7575
-6.75761
-6.7552
-6.74705
-6.73846
-6.72664
-6.70966
-6.69911
-6.68493
-6.66998
-6.65633
-6.64516
-6.6315
-6.62189
-6.60892
-6.59749
-6.58382
-6.5734
-6.56657
-6.56942
-6.58422
-6.60697
-6.63575
-6.66649
-6.69272
-6.71294
-6.72323
-6.72265
-6.71239
-6.6965
-6.6816
-6.66739
-6.65786
-6.65027
-6.64734
-6.64853
-6.65232
-6.65887
-6.67528
-6.69661
-6.71895
-6.74231
-6.76748
-6.78749
-6.80347
-6.81234
-6.81338
-6.80791
-6.79131
-6.76751
-6.73926
-6.70608
-6.67423
-6.64108
-6.60997
-6.58173
-6.55746
-6.5395
-6.52695
-6.52099
-6.52438
-6.53614
-6.55251
-6.56992
-6.59159
-6.61005
-6.62491
-6.63924
-6.65155
-6.66436
-6.67847
-6.69407
-6.71074
-6.72221
-6.73291
-6.74193
-6.7479
-6.74575
-6.73842
-6.72352
-6.70557
-6.67855
-6.65246
-6.62506
-6.60217
-6.58831
-6.58308
-6.58459
-6.59172
-6.60407
-6.61798
-6.63621
-6.65688
-6.67518
-6.68969
-6.69474
-6.69601
-6.69217
-6.68564
-6.68248
-6.67935
-6.68031
-6.68511
-6.69229
-6.69934
-6.70844
-6.72004
-6.73067
-6.74089
-6.74522
-6.74377
-6.73843
-6.72495
-6.70408
-6.68159
-6.66466
-6.65349
-6.65099
-6.6589
-6.67241
-6.68901
-6.70527
-6.71756
-6.73001
-6.7384
-6.74659
-6.75165
-6.75234
-6.74678
-6.73773
-6.72352
-6.70857
-6.69084
-6.67597
-6.66353
-6.65482
-6.65359
-6.65371
-6.65818
-6.66177
-6.66438
-6.65516
-6.63734
-6.61423
-6.58333
-6.55166
-6.52204
-6.49676
-6.47644
-6.46769
-6.47345
-6.49093
-6.51928
-6.55463
-6.59512
-6.63527
-6.6726
-6.69996
-6.72568
-6.73878
-6.74952
-6.75428
-6.756
-6.75228
-6.74882
-6.74209
-6.73516
-6.72963
-6.72317
-6.7136
-6.70205
-6.69201
