1.2
1.2
1.20001
1.20002
1.20003
1.20005
1.20007
1.2001
1.20013
1.20016
1.2002
1.20024
1.20029
1.20034
1.20039
1.20045
1.20052
1.20059
1.20067
1.20075
1.20083
1.20092
1.20102
1.20112
1.20122
1.20047
1.20059
1.20071
1.20084
1.20098
1.20112
1.20127
1.20142
1.20158
1.20175
1.20192
1.20211
1.2023
1.20249
1.2027
1.20293
1.20315
1.20339
1.20363
1.20388
1.20415
1.20442
1.20471
1.205
1.20531
1.20144
1.20177
1.20212
1.20248
1.20286
1.20325
1.20366
1.20409
1.20454
1.205
1.20549
1.206
1.20653
1.20708
1.20766
1.2083
1.20894
1.20961
1.21031
1.21104
1.21181
1.21262
1.21347
1.21436
1.21529
1.20425
1.20528
1.20636
1.20749
1.20867
1.20991
1.2112
1.21255
1.21394
1.21537
1.21684
1.21831
1.21976
1.22117
1.22246
1.22364
1.22449
1.22499
1.22503
1.22454
1.22351
1.22208
1.22054
1.2194
1.21927
1.198
1.20105
1.20565
1.21128
1.21729
1.2231
1.22833
1.23274
1.23621
1.23869
1.24012
1.24045
1.23963
1.23769
1.2348
1.2313
1.22771
1.22465
1.22265
1.22201
1.22284
1.2251
1.22878
1.2338
1.23998
1.24689
1.25397
1.2606
1.26632
1.27087
1.27424
1.2766
1.27825
1.27944
1.28035
1.28102
1.28134
1.28118
1.28046
1.27925
1.27777
1.27634
1.27528
1.27476
1.27481
1.27533
1.27612
1.27704
1.27804
1.27918
1.28063
1.28259
1.28522
1.28864
1.29285
1.2978
1.30334
1.30928
1.3154
1.32146
1.32724
1.33252
1.33713
1.34094
1.34388
1.34592
1.34706
1.34733
1.34681
1.34555
1.3436
1.34099
1.33767
1.33355
1.32851
1.32254
1.31573
1.30836
1.30074
1.29316
1.28609
1.28059
1.2784
1.28112
1.28883
1.29976
1.31137
1.32171
1.32994
1.33607
1.3405
1.34372
1.34613
1.34803
1.3496
1.35096
1.35217
1.35329
1.35438
1.35547
1.35658
1.35768
1.35869
1.35952
1.35999
1.35997
1.35929
1.35787
1.35572
1.35298
1.34994
1.34698
1.34453
1.34291
1.34228
1.34263
1.34379
1.34553
1.34757
1.34966
1.35156
1.35313
1.35431
1.35514
1.35572
1.35618
1.35663
1.35714
1.35768
1.35817
1.35848
1.35844
1.35792
1.35678
1.35494
1.35239
1.34919
1.34556
1.34178
1.33821
1.33514
1.33273
1.33095
1.32971
1.32892
1.32856
1.32868
1.3293
1.33029
1.33144
1.33246
1.3331
1.33318
1.33263
1.33143
1.3296
1.32723
1.32441
1.32143
1.31877
1.3172
1.31762
1.32069
1.32644
1.33415
1.34266
1.35088
1.35807
1.36393
1.36847
1.37182
1.37422
1.37584
1.37685
1.37736
1.37742
1.37705
1.37625
1.37496
1.37313
1.37069
1.36757
1.36371
1.35908
1.3537
1.34763
1.34103
1.33408
1.32708
1.32036
1.31435
1.3096
1.30666
1.30597
1.30768
1.31152
1.31685
1.32283
1.32871
1.33383
1.33774
1.3401
1.3407
1.33952
1.33679
1.33321
1.32986
1.32802
1.3286
1.3317
1.33654
1.34202
1.34715
1.35138
1.35453
1.3567
1.35807
1.35884
1.35918
1.35922
1.35903
1.35864
1.35805
1.35723
1.3561
1.35458
1.35258
1.34998
1.3467
1.34269
1.33798
1.33276
1.32733
1.32214
1.31767
1.31435
1.3124
1.31183
1.31254
1.31435
1.31709
1.32061
1.32474
1.32924
1.33385
1.33828
1.34233
1.34584
1.34875
1.35105
1.35278
1.35397
1.35469
1.355
1.35492
1.3545
1.35376
1.35271
1.35139
1.34979
1.34794
1.34584
1.34346
1.34075
1.33766
1.33421
1.33055
1.32704
1.32427
1.32279
1.32289
1.32437
1.32655
1.32862
1.32996
1.33034
1.32993
1.32919
1.32865
1.32867
1.32936
1.33058
1.33207
1.33362
1.3351
1.33653
1.338
1.33967
1.34167
1.34406
1.34681
1.3498
1.35281
1.35564
1.35806
1.35993
1.36112
1.36157
1.36122
1.36007
1.35813
1.35543
1.35206
1.34816
1.34398
1.33985
1.33624
1.33365
1.33257
1.33328
1.33579
1.3398
1.34482
1.35026
1.35563
1.36058
1.36491
1.36854
1.3715
1.37384
1.37567
1.37708
1.37815
1.37895
1.37955
1.37998
1.38026
1.38038
1.38034
1.38011
1.37968
1.37902
1.37815
1.37708
1.37586
1.37456
1.37323
1.37196
1.37077
1.36967
1.36859
1.36744
1.3661
1.36443
1.36235
1.35983
1.3569
1.3537
1.35042
1.34734
1.34472
1.34284
1.34188
1.34194
1.34303
1.34501
1.34766
1.3507
1.35383
1.35675
1.35922
1.36106
1.36215
1.36243
1.3619
1.3606
1.35869
1.35638
1.35396
1.3517
1.3498
1.34834
1.3473
1.34661
1.34621
1.34613
1.34643
1.34723
1.34861
1.35058
1.35306
1.35592
1.35898
1.36207
1.36503
1.36775
1.37014
1.37212
1.37366
1.37474
1.37533
1.37545
1.37508
1.37421
1.37282
1.3709
1.36842
1.36536
1.36177
1.35775
1.35352
1.34943
1.34596
1.34357
1.34263
1.34323
1.34514
1.34796
1.35119
1.35441
1.35734
1.35982
1.36179
1.36327
1.36431
1.36499
1.36536
1.36544
1.36519
1.36444
1.36292
1.36026
1.35607
1.35008
1.34233
1.33336
1.32422
1.31627
1.31083
1.30874
1.31015
1.31454
1.32107
1.32889
1.33729
1.3458
1.35407
1.36182
1.36882
1.37486
1.37976
1.38344
1.38586
1.38706
1.38712
1.38614
1.38423
1.38153
1.37818
1.37432
1.3701
1.36571
1.36135
1.3573
1.35391
1.35158
1.35069
1.35143
1.35375
1.35731
1.36161
1.36615
1.37052
1.37445
1.37784
1.38066
1.38296
1.3848
1.38626
1.38741
1.3883
1.38896
1.38939
1.38961
1.3896
1.38934
1.38884
1.38811
1.38722
1.38626
1.38544
1.38499
1.38524
1.38646
1.38879
1.39219
1.39638
1.40092
1.40533
1.4092
1.41221
1.41413
1.41482
1.41424
1.41237
1.40931
1.40528
1.40066
1.39595
1.39176
1.2
1.2
1.20001
1.20002
1.20003
1.20005
1.20007
1.2001
1.20013
1.20016
1.2002
1.20024
1.20029
1.20034
1.20039
1.20045
1.20052
1.20059
1.20067
1.20075
1.20083
1.20092
1.20102
1.20112
1.20122
1.20047
1.20059
1.20071
1.20084
1.20098
1.20112
1.20127
1.20142
1.20158
1.20175
1.20192
1.20211
1.2023
1.20249
1.2027
1.20293
1.20315
1.20339
1.20363
1.20388
1.20415
1.20442
1.20471
1.205
1.20531
1.20144
1.20177
1.20212
1.20248
1.20286
1.20325
1.20366
1.20409
1.20454
1.205
1.20549
1.206
1.20653
1.20708
1.20766
1.2083
1.20894
1.20961
1.21031
1.21104
1.21181
1.21262
1.21347
1.21436
1.21529
1.20425
1.20528
1.20636
1.20749
1.20867
1.20991
1.2112
1.21255
1.21394
1.21537
1.21684
1.21831
1.21976
1.22117
1.22246
1.22364
1.22449
1.22499
1.22503
1.22454
1.22351
1.22208
1.22054
1.2194
1.21927
1.198
1.20105
1.20565
1.21128
1.21729
1.2231
1.22833
1.23274
1.23621
1.23869
1.24012
1.24045
1.23963
1.23769
1.2348
1.2313
1.22771
1.22465
1.22265
1.22201
1.22284
1.2251
1.22878
1.2338
1.23998
1.24689
1.25397
1.2606
1.26632
1.27087
1.27424
1.2766
1.27825
1.27944
1.28035
1.28102
1.28134
1.28118
1.28046
1.27925
1.27777
1.27634
1.27528
1.27476
1.27481
1.27533
1.27612
1.27704
1.27804
1.27918
1.28063
1.28259
1.28522
1.28864
1.29285
1.2978
1.30334
1.30928
1.3154
1.32146
1.32724
1.33252
1.33713
1.34094
1.34388
1.34592
1.34706
1.34733
1.34681
1.34555
1.3436
1.34099
1.33767
1.33355
1.32851
1.32254
1.31573
1.30836
1.30074
1.29316
1.28609
1.28059
1.2784
1.28112
1.28883
1.29976
1.31137
1.32171
1.32994
1.33607
1.3405
1.34372
1.34613
1.34803
1.3496
1.35096
1.35217
1.35329
1.35438
1.35547
1.35658
1.35768
1.35869
1.35952
1.35999
1.35997
1.35929
1.35787
1.35572
1.35298
1.34994
1.34698
1.34453
1.34291
1.34228
1.34263
1.34379
1.34553
1.34757
1.34966
1.35156
1.35313
1.35431
1.35514
1.35572
1.35618
1.35663
1.35714
1.35768
1.35817
1.35848
1.35844
1.35792
1.35678
1.35494
1.35239
1.34919
1.34556
1.34178
1.33821
1.33514
1.33273
1.33095
1.32971
1.32892
1.32856
1.32868
1.3293
1.33029
1.33144
1.33246
1.3331
1.33318
1.33263
1.33143
1.3296
1.32723
1.32441
1.32143
1.31877
1.3172
1.31762
1.32069
1.32644
1.33415
1.34266
1.35088
1.35807
1.36393
1.36847
1.37182
1.37422
1.37584
1.37685
1.37736
1.37742
1.37705
1.37625
1.37496
1.37313
1.37069
1.36757
1.36371
1.35908
1.3537
1.34763
1.34103
1.33408
1.32708
1.32036
1.31435
1.3096
1.30666
1.30597
1.30768
1.31152
1.31685
1.32283
1.32871
1.33383
1.33774
1.3401
1.3407
1.33952
1.33679
1.33321
1.32986
1.32802
1.3286
1.3317
1.33654
1.34202
1.34715
1.35138
1.35453
1.3567
1.35807
1.35884
1.35918
1.35922
1.35903
1.35864
1.35805
1.35723
1.3561
1.35458
1.35258
1.34998
1.3467
1.34269
1.33798
1.33276
1.32733
1.32214
1.31767
1.31435
1.3124
1.31183
1.31254
1.31435
1.31709
1.32061
1.32474
1.32924
1.33385
1.33828
1.34233
1.34584
1.34875
1.35105
1.35278
1.35397
1.35469
1.355
1.35492
1.3545
1.35376
1.35271
1.35139
1.34979
1.34794
1.34584
1.34346
1.34075
1.33766
1.33421
1.33055
1.32704
1.32427
1.32279
1.32289
1.32437
1.32655
1.32862
1.32996
1.33034
1.32993
1.32919
1.32865
1.32867
1.32936
1.33058
1.33207
1.33362
1.3351
1.33653
1.338
1.33967
1.34167
1.34406
1.34681
1.3498
1.35281
1.35564
1.35806
1.35993
1.36112
1.36157
1.36122
1.36007
1.35813
1.35543
1.35206
1.34816
1.34398
1.33985
1.33624
1.33365
1.33257
1.33328
1.33579
1.3398
1.34482
1.35026
1.35563
1.36058
1.36491
1.36854
1.3715
1.37384
1.37567
1.37708
1.37815
1.37895
1.37955
1.37998
1.38026
1.38038
1.38034
1.38011
1.37968
1.37902
1.37815
1.37708
1.37586
1.37456
1.37323
1.37196
1.37077
1.36967
1.36859
1.36744
1.3661
1.36443
1.36235
1.35983
1.3569
1.3537
1.35042
1.34734
1.34472
1.34284
1.34188
1.34194
1.34303
1.34501
1.34766
1.3507
1.35383
1.35675
1.35922
1.36106
1.36215
1.36243
1.3619
1.3606
1.35869
1.35638
1.35396
1.3517
1.3498
1.34834
1.3473
1.34661
1.34621
1.34613
1.34643
1.34723
1.34861
1.35058
1.35306
1.35592
1.35898
1.36207
1.36503
1.36775
1.37014
1.37212
1.37366
1.37474
1.37533
1.37545
1.37508
1.37421
1.37282
1.3709
1.36842
1.36536
1.36177
1.35775
1.35352
1.34943
1.34596
1.34357
1.34263
1.34323
1.34514
1.34796
1.35119
1.35441
1.35734
1.35982
1.36179
1.36327
1.36431
1.36499
1.36536
1.36544
1.36519
1.36444
1.36292
1.36026
1.35607
1.35008
1.34233
1.33336
1.32422
1.31627
1.31083
1.30874
1.31015
1.31454
1.32107
1.32889
1.33729
1.3458
1.35407
1.36182
1.36882
1.37486
1.37976
1.38344
1.38586
1.38706
1.38712
1.38614
1.38423
1.38153
1.37818
1.37432
1.3701
1.36571
1.36135
1.3573
1.35391
1.35158
1.35069
1.35143
1.35375
1.35731
1.36161
1.36615
1.37052
1.37445
1.37784
1.38066
1.38296
1.3848
1.38626
1.38741
1.3883
1.38896
1.38939
1.38961
1.3896
1.38934
1.38884
1.38811
1.38722
1.38626
1.38544
1.38499
1.38524
1.38646
1.38879
1.39219
1.39638
1.40092
1.40533
1.4092
1.41221
1.41413
1.41482
1.41424
1.41237
1.40931
1.40528
1.40066
1.39595
1.39176
