-0.0318372
-0.0318402
-0.0318491
-0.031864
-0.0318849
-0.0319117
-0.0319445
-0.0319834
-0.0320284
-0.0320795
-0.0321368
-0.0322003
-0.0322725
-0.0323512
-0.0324508
-0.0325526
-0.0326708
-0.032794
-0.03291
-0.0330595
-0.0332144
-0.0333675
-0.0335308
-0.0337068
-0.0338887
-0.0340813
-0.0342872
-0.0344853
-0.0346994
-0.0349346
-0.0351698
-0.0354028
-0.0356551
-0.0359249
-0.0362005
-0.0364846
-0.0367681
-0.0370678
-0.0373984
-0.0377321
-0.0380595
-0.0383933
-0.0387528
-0.0391218
-0.0395176
-0.0399192
-0.0403345
-0.0407666
-0.0412305
-0.0417007
-0.04219
-0.0426959
-0.0432321
-0.0437735
-0.0443401
-0.0449353
-0.0455508
-0.046195
-0.0468717
-0.0475705
-0.0483023
-0.0490666
-0.0498606
-0.0507001
-0.051578
-0.0524962
-0.0534525
-0.0544588
-0.0555036
-0.0566016
-0.0577558
-0.0589741
-0.0602504
-0.061581
-0.0629933
-0.0644716
-0.0660212
-0.0676286
-0.0693297
-0.0711028
-0.0729608
-0.0748981
-0.0769213
-0.0790118
-0.0811653
-0.0833707
-0.0855911
-0.0877771
-0.0898822
-0.0918323
-0.09352
-0.0948294
-0.0956005
-0.0957011
-0.0950095
-0.0935129
-0.0913777
-0.0890651
-0.087315
-0.0870304
-0.0890153
-0.0935783
-0.100473
-0.108914
-0.117928
-0.126657
-0.134497
-0.141111
-0.146326
-0.150042
-0.152184
-0.152677
-0.151447
-0.148543
-0.144217
-0.138964
-0.133582
-0.12899
-0.125988
-0.125041
-0.126279
-0.129684
-0.135207
-0.142749
-0.152014
-0.162388
-0.172999
-0.182958
-0.191549
-0.198372
-0.203424
-0.206964
-0.209413
-0.211198
-0.212572
-0.213562
-0.214049
-0.213814
-0.212733
-0.210925
-0.208707
-0.206567
-0.204965
-0.204187
-0.204277
-0.205057
-0.206244
-0.207612
-0.209118
-0.21084
-0.213018
-0.21595
-0.219897
-0.225017
-0.23133
-0.238747
-0.247053
-0.255978
-0.265166
-0.274269
-0.282931
-0.29084
-0.297749
-0.303463
-0.307878
-0.310942
-0.312653
-0.313063
-0.31228
-0.310386
-0.307484
-0.303574
-0.298595
-0.292416
-0.284861
-0.275894
-0.265689
-0.254631
-0.243196
-0.231832
-0.221229
-0.212978
-0.209696
-0.213772
-0.225338
-0.241739
-0.259155
-0.274669
-0.287015
-0.29622
-0.30287
-0.307687
-0.311309
-0.314153
-0.316514
-0.318554
-0.320369
-0.322062
-0.323692
-0.325326
-0.326989
-0.32863
-0.330157
-0.331393
-0.332117
-0.33207
-0.331051
-0.328926
-0.32571
-0.321593
-0.317027
-0.312603
-0.308918
-0.306489
-0.305541
-0.306067
-0.307812
-0.310427
-0.313485
-0.316621
-0.31948
-0.321834
-0.323603
-0.324835
-0.325702
-0.326386
-0.327067
-0.327831
-0.328643
-0.329377
-0.329831
-0.329775
-0.32898
-0.327271
-0.324522
-0.320693
-0.315901
-0.310439
-0.304773
-0.299413
-0.294808
-0.291197
-0.288547
-0.286693
-0.285499
-0.28496
-0.285147
-0.286068
-0.287555
-0.289276
-0.290807
-0.291766
-0.29189
-0.291061
-0.289262
-0.286539
-0.282976
-0.278747
-0.27427
-0.270282
-0.267926
-0.268551
-0.27316
-0.281783
-0.293353
-0.306123
-0.318437
-0.329228
-0.338034
-0.344833
-0.34986
-0.353452
-0.355888
-0.357405
-0.358165
-0.358249
-0.357698
-0.356494
-0.354564
-0.351821
-0.348171
-0.343485
-0.337695
-0.330741
-0.322674
-0.313567
-0.303661
-0.293254
-0.282749
-0.272653
-0.263639
-0.256504
-0.252089
-0.251056
-0.253626
-0.259391
-0.267381
-0.276375
-0.285196
-0.292885
-0.298745
-0.302278
-0.303184
-0.3014
-0.297321
-0.291942
-0.286913
-0.284157
-0.285036
-0.289674
-0.296948
-0.305164
-0.312863
-0.319215
-0.323954
-0.327221
-0.329268
-0.330425
-0.330938
-0.331004
-0.330715
-0.330132
-0.329259
-0.328027
-0.326343
-0.324076
-0.321066
-0.317169
-0.31224
-0.306215
-0.299164
-0.291326
-0.283168
-0.275387
-0.268685
-0.263708
-0.26077
-0.259939
-0.261006
-0.263712
-0.267839
-0.273136
-0.27934
-0.286092
-0.292993
-0.299646
-0.305722
-0.310994
-0.31537
-0.31882
-0.321405
-0.323187
-0.32428
-0.324735
-0.324617
-0.323985
-0.322874
-0.321309
-0.319309
-0.31691
-0.31414
-0.310984
-0.307413
-0.30335
-0.298725
-0.293552
-0.288056
-0.282795
-0.278615
-0.276389
-0.276556
-0.278758
-0.282051
-0.285154
-0.287166
-0.287728
-0.287119
-0.286014
-0.285197
-0.28522
-0.286255
-0.288088
-0.290331
-0.292654
-0.294866
-0.297004
-0.299217
-0.301725
-0.304717
-0.308309
-0.312444
-0.316924
-0.321449
-0.325692
-0.329333
-0.332123
-0.333908
-0.334571
-0.334052
-0.332336
-0.329419
-0.325368
-0.320304
-0.314453
-0.308174
-0.301988
-0.296571
-0.292688
-0.291066
-0.292123
-0.295883
-0.30192
-0.309446
-0.317612
-0.325661
-0.333079
-0.339571
-0.345019
-0.349462
-0.352982
-0.355725
-0.357832
-0.359434
-0.36064
-0.361541
-0.362187
-0.362597
-0.362779
-0.362722
-0.362382
-0.361723
-0.360746
-0.35944
-0.357843
-0.356013
-0.354056
-0.352079
-0.350174
-0.348401
-0.34674
-0.345119
-0.343382
-0.341366
-0.338875
-0.33576
-0.331987
-0.327589
-0.322775
-0.317866
-0.313238
-0.30931
-0.306476
-0.305037
-0.305149
-0.306774
-0.309747
-0.313739
-0.318303
-0.322987
-0.327366
-0.331073
-0.33383
-0.335468
-0.335887
-0.335081
-0.333135
-0.330261
-0.326801
-0.323168
-0.319776
-0.316921
-0.314733
-0.313182
-0.312148
-0.311554
-0.311429
-0.311879
-0.31307
-0.315139
-0.318087
-0.321805
-0.326084
-0.330668
-0.335294
-0.339757
-0.343844
-0.347427
-0.350407
-0.352727
-0.354347
-0.355253
-0.355427
-0.354877
-0.353574
-0.351496
-0.348614
-0.344888
-0.340311
-0.334921
-0.328887
-0.322537
-0.316408
-0.311187
-0.307612
-0.306214
-0.307099
-0.309977
-0.314198
-0.319044
-0.323876
-0.328258
-0.331968
-0.334923
-0.337142
-0.338706
-0.339719
-0.34027
-0.340392
-0.340014
-0.338885
-0.336606
-0.332618
-0.326321
-0.317327
-0.305713
-0.292252
-0.278533
-0.266609
-0.258459
-0.255323
-0.257433
-0.26402
-0.273811
-0.285525
-0.298135
-0.310896
-0.323292
-0.334917
-0.345416
-0.354466
-0.361831
-0.367352
-0.370981
-0.372777
-0.372864
-0.371382
-0.368522
-0.364467
-0.359432
-0.353636
-0.347308
-0.340725
-0.334189
-0.3281
-0.323013
-0.319524
-0.318188
-0.319301
-0.322788
-0.328116
-0.334571
-0.341376
-0.347933
-0.353834
-0.358918
-0.363145
-0.366585
-0.369347
-0.37153
-0.373262
-0.374596
-0.375572
-0.376214
-0.376535
-0.376509
-0.37612
-0.375365
-0.374289
-0.372941
-0.371508
-0.370263
-0.369601
-0.369978
-0.371812
-0.375316
-0.380419
-0.386688
-0.393493
-0.400122
-0.405928
-0.410434
-0.413312
-0.414348
-0.41347
-0.41067
-0.406071
-0.400025
-0.393079
-0.386025
-0.379726
-0.0318372
-0.0318402
-0.0318491
-0.031864
-0.0318849
-0.0319117
-0.0319445
-0.0319834
-0.0320284
-0.0320795
-0.0321368
-0.0322003
-0.0322725
-0.0323512
-0.0324508
-0.0325526
-0.0326708
-0.032794
-0.03291
-0.0330595
-0.0332144
-0.0333675
-0.0335308
-0.0337068
-0.0338887
-0.0340813
-0.0342872
-0.0344853
-0.0346994
-0.0349346
-0.0351698
-0.0354028
-0.0356551
-0.0359249
-0.0362005
-0.0364846
-0.0367681
-0.0370678
-0.0373984
-0.0377321
-0.0380595
-0.0383933
-0.0387528
-0.0391218
-0.0395176
-0.0399192
-0.0403345
-0.0407666
-0.0412305
-0.0417007
-0.04219
-0.0426959
-0.0432321
-0.0437735
-0.0443401
-0.0449353
-0.0455508
-0.046195
-0.0468717
-0.0475705
-0.0483023
-0.0490666
-0.0498606
-0.0507001
-0.051578
-0.0524962
-0.0534525
-0.0544588
-0.0555036
-0.0566016
-0.0577558
-0.0589741
-0.0602504
-0.061581
-0.0629933
-0.0644716
-0.0660212
-0.0676286
-0.0693297
-0.0711028
-0.0729608
-0.0748981
-0.0769213
-0.0790118
-0.0811653
-0.0833707
-0.0855911
-0.0877771
-0.0898822
-0.0918323
-0.09352
-0.0948294
-0.0956005
-0.0957011
-0.0950095
-0.0935129
-0.0913777
-0.0890651
-0.087315
-0.0870304
-0.0890153
-0.0935783
-0.100473
-0.108914
-0.117928
-0.126657
-0.134497
-0.141111
-0.146326
-0.150042
-0.152184
-0.152677
-0.151447
-0.148543
-0.144217
-0.138964
-0.133582
-0.12899
-0.125988
-0.125041
-0.126279
-0.129684
-0.135207
-0.142749
-0.152014
-0.162388
-0.172999
-0.182958
-0.191549
-0.198372
-0.203424
-0.206964
-0.209413
-0.211198
-0.212572
-0.213562
-0.214049
-0.213814
-0.212733
-0.210925
-0.208707
-0.206567
-0.204965
-0.204187
-0.204277
-0.205057
-0.206244
-0.207612
-0.209118
-0.21084
-0.213018
-0.21595
-0.219897
-0.225017
-0.23133
-0.238747
-0.247053
-0.255978
-0.265166
-0.274269
-0.282931
-0.29084
-0.297749
-0.303463
-0.307878
-0.310942
-0.312653
-0.313063
-0.31228
-0.310386
-0.307484
-0.303574
-0.298595
-0.292416
-0.284861
-0.275894
-0.265689
-0.254631
-0.243196
-0.231832
-0.221229
-0.212978
-0.209696
-0.213772
-0.225338
-0.241739
-0.259155
-0.274669
-0.287015
-0.29622
-0.30287
-0.307687
-0.311309
-0.314153
-0.316514
-0.318554
-0.320369
-0.322062
-0.323692
-0.325326
-0.326989
-0.32863
-0.330157
-0.331393
-0.332117
-0.33207
-0.331051
-0.328926
-0.32571
-0.321593
-0.317027
-0.312603
-0.308918
-0.306489
-0.305541
-0.306067
-0.307812
-0.310427
-0.313485
-0.316621
-0.31948
-0.321834
-0.323603
-0.324835
-0.325702
-0.326386
-0.327067
-0.327831
-0.328643
-0.329377
-0.329831
-0.329775
-0.32898
-0.327271
-0.324522
-0.320693
-0.315901
-0.310439
-0.304773
-0.299413
-0.294808
-0.291197
-0.288547
-0.286693
-0.285499
-0.28496
-0.285147
-0.286068
-0.287555
-0.289276
-0.290807
-0.291766
-0.29189
-0.291061
-0.289262
-0.286539
-0.282976
-0.278747
-0.27427
-0.270282
-0.267926
-0.268551
-0.27316
-0.281783
-0.293353
-0.306123
-0.318437
-0.329228
-0.338034
-0.344833
-0.34986
-0.353452
-0.355888
-0.357405
-0.358165
-0.358249
-0.357698
-0.356494
-0.354564
-0.351821
-0.348171
-0.343485
-0.337695
-0.330741
-0.322674
-0.313567
-0.303661
-0.293254
-0.282749
-0.272653
-0.263639
-0.256504
-0.252089
-0.251056
-0.253626
-0.259391
-0.267381
-0.276375
-0.285196
-0.292885
-0.298745
-0.302278
-0.303184
-0.3014
-0.297321
-0.291942
-0.286913
-0.284157
-0.285036
-0.289674
-0.296948
-0.305164
-0.312863
-0.319215
-0.323954
-0.327221
-0.329268
-0.330425
-0.330938
-0.331004
-0.330715
-0.330132
-0.329259
-0.328027
-0.326343
-0.324076
-0.321066
-0.317169
-0.31224
-0.306215
-0.299164
-0.291326
-0.283168
-0.275387
-0.268685
-0.263708
-0.26077
-0.259939
-0.261006
-0.263712
-0.267839
-0.273136
-0.27934
-0.286092
-0.292993
-0.299646
-0.305722
-0.310994
-0.31537
-0.31882
-0.321405
-0.323187
-0.32428
-0.324735
-0.324617
-0.323985
-0.322874
-0.321309
-0.319309
-0.31691
-0.31414
-0.310984
-0.307413
-0.30335
-0.298725
-0.293552
-0.288056
-0.282795
-0.278615
-0.276389
-0.276556
-0.278758
-0.282051
-0.285154
-0.287166
-0.287728
-0.287119
-0.286014
-0.285197
-0.28522
-0.286255
-0.288088
-0.290331
-0.292654
-0.294866
-0.297004
-0.299217
-0.301725
-0.304717
-0.308309
-0.312444
-0.316924
-0.321449
-0.325692
-0.329333
-0.332123
-0.333908
-0.334571
-0.334052
-0.332336
-0.329419
-0.325368
-0.320304
-0.314453
-0.308174
-0.301988
-0.296571
-0.292688
-0.291066
-0.292123
-0.295883
-0.30192
-0.309446
-0.317612
-0.325661
-0.333079
-0.339571
-0.345019
-0.349462
-0.352982
-0.355725
-0.357832
-0.359434
-0.36064
-0.361541
-0.362187
-0.362597
-0.362779
-0.362722
-0.362382
-0.361723
-0.360746
-0.35944
-0.357843
-0.356013
-0.354056
-0.352079
-0.350174
-0.348401
-0.34674
-0.345119
-0.343382
-0.341366
-0.338875
-0.33576
-0.331987
-0.327589
-0.322775
-0.317866
-0.313238
-0.30931
-0.306476
-0.305037
-0.305149
-0.306774
-0.309747
-0.313739
-0.318303
-0.322987
-0.327366
-0.331073
-0.33383
-0.335468
-0.335887
-0.335081
-0.333135
-0.330261
-0.326801
-0.323168
-0.319776
-0.316921
-0.314733
-0.313182
-0.312148
-0.311554
-0.311429
-0.311879
-0.31307
-0.315139
-0.318087
-0.321805
-0.326084
-0.330668
-0.335294
-0.339757
-0.343844
-0.347427
-0.350407
-0.352727
-0.354347
-0.355253
-0.355427
-0.354877
-0.353574
-0.351496
-0.348614
-0.344888
-0.340311
-0.334921
-0.328887
-0.322537
-0.316408
-0.311187
-0.307612
-0.306214
-0.307099
-0.309977
-0.314198
-0.319044
-0.323876
-0.328258
-0.331968
-0.334923
-0.337142
-0.338706
-0.339719
-0.34027
-0.340392
-0.340014
-0.338885
-0.336606
-0.332618
-0.326321
-0.317327
-0.305713
-0.292252
-0.278533
-0.266609
-0.258459
-0.255323
-0.257433
-0.26402
-0.273811
-0.285525
-0.298135
-0.310896
-0.323292
-0.334917
-0.345416
-0.354466
-0.361831
-0.367352
-0.370981
-0.372777
-0.372864
-0.371382
-0.368522
-0.364467
-0.359432
-0.353636
-0.347308
-0.340725
-0.334189
-0.3281
-0.323013
-0.319524
-0.318188
-0.319301
-0.322788
-0.328116
-0.334571
-0.341376
-0.347933
-0.353834
-0.358918
-0.363145
-0.366585
-0.369347
-0.37153
-0.373262
-0.374596
-0.375572
-0.376214
-0.376535
-0.376509
-0.37612
-0.375365
-0.374289
-0.372941
-0.371508
-0.370263
-0.369601
-0.369978
-0.371812
-0.375316
-0.380419
-0.386688
-0.393493
-0.400122
-0.405928
-0.410434
-0.413312
-0.414348
-0.41347
-0.41067
-0.406071
-0.400025
-0.393079
-0.386025
-0.379726
