1.8
1.8
1.80001
1.80003
1.80005
1.80007
1.80011
1.80015
1.80019
1.80024
1.8003
1.80036
1.80043
1.80051
1.80059
1.80068
1.80078
1.80089
1.801
1.80112
1.80125
1.80138
1.80152
1.80167
1.80183
1.80071
1.80089
1.80107
1.80126
1.80147
1.80168
1.8019
1.80213
1.80237
1.80262
1.80289
1.80316
1.80345
1.80374
1.80405
1.80439
1.80473
1.80508
1.80544
1.80582
1.80622
1.80663
1.80706
1.8075
1.80797
1.80215
1.80265
1.80318
1.80372
1.80429
1.80488
1.80549
1.80613
1.8068
1.8075
1.80823
1.80899
1.80979
1.81062
1.81149
1.81245
1.81341
1.81441
1.81546
1.81656
1.81771
1.81893
1.8202
1.82153
1.82294
1.80638
1.80792
1.80953
1.81123
1.813
1.81486
1.8168
1.81882
1.82091
1.82306
1.82525
1.82746
1.82965
1.83175
1.83369
1.83546
1.83674
1.83749
1.83755
1.83681
1.83527
1.83311
1.8308
1.8291
1.82891
1.79701
1.80158
1.80847
1.81692
1.82593
1.83466
1.8425
1.84911
1.85432
1.85804
1.86018
1.86067
1.85944
1.85654
1.8522
1.84694
1.84156
1.83697
1.83397
1.83302
1.83426
1.83766
1.84317
1.85071
1.85996
1.87033
1.88095
1.8909
1.89948
1.90631
1.91136
1.91491
1.91737
1.91915
1.92053
1.92153
1.92201
1.92176
1.92068
1.91887
1.91666
1.91452
1.91291
1.91213
1.91222
1.91299
1.91418
1.91556
1.91706
1.91877
1.92095
1.92389
1.92783
1.93295
1.93927
1.94669
1.955
1.96392
1.9731
1.9822
1.99086
1.99878
2.00569
2.01141
2.01582
2.01888
2.02058
2.021
2.02021
2.01832
2.01541
2.01149
2.00651
2.00032
1.99277
1.9838
1.9736
1.96255
1.95111
1.93974
1.92914
1.92089
1.9176
1.92167
1.93325
1.94965
1.96705
1.98256
1.99491
2.00411
2.01075
2.01558
2.0192
2.02205
2.02441
2.02644
2.02826
2.02994
2.03157
2.03321
2.03487
2.03652
2.03804
2.03927
2.03999
2.03995
2.03893
2.03681
2.03358
2.02947
2.02491
2.02047
2.0168
2.01436
2.01342
2.01394
2.01569
2.0183
2.02136
2.02449
2.02734
2.0297
2.03147
2.03271
2.03357
2.03426
2.03495
2.03571
2.03652
2.03726
2.03771
2.03766
2.03687
2.03516
2.03241
2.02858
2.02379
2.01834
2.01267
2.00731
2.00271
1.99909
1.99643
1.99457
1.99337
1.99284
1.99302
1.99394
1.99543
1.99716
1.99869
1.99965
1.99977
1.99894
1.99714
1.99441
1.99084
1.98662
1.98214
1.97815
1.9758
1.97643
1.98104
1.98966
2.00122
2.01399
2.02631
2.03711
2.0459
2.0527
2.05774
2.06133
2.06376
2.06528
2.06604
2.06613
2.06558
2.06437
2.06244
2.0597
2.05604
2.05135
2.04556
2.03862
2.03054
2.02145
2.01154
2.00113
1.99062
1.98053
1.97153
1.9644
1.95998
1.95895
1.96153
1.96728
1.97527
1.98425
1.99306
2.00075
2.00661
2.01015
2.01105
2.00927
2.00519
1.99981
1.99479
1.99203
1.99291
1.99754
2.00481
2.01303
2.02072
2.02706
2.0318
2.03505
2.0371
2.03826
2.03877
2.03883
2.03854
2.03796
2.03708
2.03584
2.03415
2.03188
2.02887
2.02497
2.02005
2.01403
2.00698
1.99914
1.99099
1.98321
1.97651
1.97153
1.9686
1.96775
1.96881
1.97152
1.97563
1.98092
1.98711
1.99386
2.00077
2.00742
2.01349
2.01876
2.02313
2.02658
2.02916
2.03096
2.03204
2.0325
2.03238
2.03175
2.03064
2.02907
2.02708
2.02469
2.02191
2.01876
2.01518
2.01112
2.00649
2.00131
1.99582
1.99057
1.9864
1.98418
1.98434
1.98655
1.98982
1.99293
1.99494
1.9955
1.99489
1.99379
1.99298
1.99301
1.99404
1.99587
1.99811
2.00043
2.00265
2.00479
2.007
2.00951
2.0125
2.01609
2.02022
2.0247
2.02922
2.03346
2.0371
2.03989
2.04168
2.04235
2.04183
2.04011
2.0372
2.03315
2.02809
2.02224
2.01597
2.00978
2.00436
2.00048
1.99885
1.99992
2.00368
2.00971
2.01723
2.02539
2.03345
2.04087
2.04736
2.05281
2.05724
2.06076
2.06351
2.06561
2.06722
2.06843
2.06933
2.06997
2.07038
2.07057
2.0705
2.07016
2.06951
2.06854
2.06723
2.06563
2.0638
2.06183
2.05985
2.05794
2.05615
2.0545
2.05288
2.05116
2.04915
2.04665
2.04353
2.03974
2.03535
2.03055
2.02564
2.02101
2.01709
2.01425
2.01281
2.01292
2.01455
2.01752
2.02149
2.02606
2.03074
2.03512
2.03882
2.04159
2.04323
2.04365
2.04284
2.0409
2.03803
2.03457
2.03094
2.02755
2.0247
2.02251
2.02095
2.01992
2.01932
2.01919
2.01964
2.02085
2.02292
2.02587
2.02959
2.03388
2.03846
2.0431
2.04755
2.05163
2.05521
2.05818
2.06049
2.0621
2.063
2.06318
2.06262
2.06131
2.05924
2.05635
2.05262
2.04805
2.04266
2.03663
2.03028
2.02415
2.01893
2.01536
2.01395
2.01484
2.01771
2.02194
2.02678
2.03162
2.03601
2.03973
2.04268
2.0449
2.04647
2.04748
2.04803
2.04816
2.04778
2.04666
2.04439
2.0404
2.03411
2.02512
2.0135
2.00005
1.98633
1.9744
1.96624
1.96311
1.96522
1.97181
1.98161
1.99333
2.00594
2.01871
2.03111
2.04273
2.05323
2.06229
2.06965
2.07516
2.0788
2.0806
2.08068
2.07921
2.07635
2.0723
2.06727
2.06148
2.05516
2.04857
2.04203
2.03595
2.03086
2.02737
2.02603
2.02715
2.03063
2.03597
2.04242
2.04923
2.05578
2.06168
2.06676
2.07099
2.07443
2.0772
2.07939
2.08112
2.08245
2.08344
2.08409
2.08441
2.08439
2.08401
2.08326
2.08217
2.08083
2.0794
2.07815
2.07749
2.07786
2.07969
2.08319
2.08829
2.09457
2.10138
2.108
2.11381
2.11831
2.12119
2.12224
2.12136
2.11855
2.11397
2.10792
2.10099
2.09393
2.08764
1.8
1.8
1.80001
1.80003
1.80005
1.80007
1.80011
1.80015
1.80019
1.80024
1.8003
1.80036
1.80043
1.80051
1.80059
1.80068
1.80078
1.80089
1.801
1.80112
1.80125
1.80138
1.80152
1.80167
1.80183
1.80071
1.80089
1.80107
1.80126
1.80147
1.80168
1.8019
1.80213
1.80237
1.80262
1.80289
1.80316
1.80345
1.80374
1.80405
1.80439
1.80473
1.80508
1.80544
1.80582
1.80622
1.80663
1.80706
1.8075
1.80797
1.80215
1.80265
1.80318
1.80372
1.80429
1.80488
1.80549
1.80613
1.8068
1.8075
1.80823
1.80899
1.80979
1.81062
1.81149
1.81245
1.81341
1.81441
1.81546
1.81656
1.81771
1.81893
1.8202
1.82153
1.82294
1.80638
1.80792
1.80953
1.81123
1.813
1.81486
1.8168
1.81882
1.82091
1.82306
1.82525
1.82746
1.82965
1.83175
1.83369
1.83546
1.83674
1.83749
1.83755
1.83681
1.83527
1.83311
1.8308
1.8291
1.82891
1.79701
1.80158
1.80847
1.81692
1.82593
1.83466
1.8425
1.84911
1.85432
1.85804
1.86018
1.86067
1.85944
1.85654
1.8522
1.84694
1.84156
1.83697
1.83397
1.83302
1.83426
1.83766
1.84317
1.85071
1.85996
1.87033
1.88095
1.8909
1.89948
1.90631
1.91136
1.91491
1.91737
1.91915
1.92053
1.92153
1.92201
1.92176
1.92068
1.91887
1.91666
1.91452
1.91291
1.91213
1.91222
1.91299
1.91418
1.91556
1.91706
1.91877
1.92095
1.92389
1.92783
1.93295
1.93927
1.94669
1.955
1.96392
1.9731
1.9822
1.99086
1.99878
2.00569
2.01141
2.01582
2.01888
2.02058
2.021
2.02021
2.01832
2.01541
2.01149
2.00651
2.00032
1.99277
1.9838
1.9736
1.96255
1.95111
1.93974
1.92914
1.92089
1.9176
1.92167
1.93325
1.94965
1.96705
1.98256
1.99491
2.00411
2.01075
2.01558
2.0192
2.02205
2.02441
2.02644
2.02826
2.02994
2.03157
2.03321
2.03487
2.03652
2.03804
2.03927
2.03999
2.03995
2.03893
2.03681
2.03358
2.02947
2.02491
2.02047
2.0168
2.01436
2.01342
2.01394
2.01569
2.0183
2.02136
2.02449
2.02734
2.0297
2.03147
2.03271
2.03357
2.03426
2.03495
2.03571
2.03652
2.03726
2.03771
2.03766
2.03687
2.03516
2.03241
2.02858
2.02379
2.01834
2.01267
2.00731
2.00271
1.99909
1.99643
1.99457
1.99337
1.99284
1.99302
1.99394
1.99543
1.99716
1.99869
1.99965
1.99977
1.99894
1.99714
1.99441
1.99084
1.98662
1.98214
1.97815
1.9758
1.97643
1.98104
1.98966
2.00122
2.01399
2.02631
2.03711
2.0459
2.0527
2.05774
2.06133
2.06376
2.06528
2.06604
2.06613
2.06558
2.06437
2.06244
2.0597
2.05604
2.05135
2.04556
2.03862
2.03054
2.02145
2.01154
2.00113
1.99062
1.98053
1.97153
1.9644
1.95998
1.95895
1.96153
1.96728
1.97527
1.98425
1.99306
2.00075
2.00661
2.01015
2.01105
2.00927
2.00519
1.99981
1.99479
1.99203
1.99291
1.99754
2.00481
2.01303
2.02072
2.02706
2.0318
2.03505
2.0371
2.03826
2.03877
2.03883
2.03854
2.03796
2.03708
2.03584
2.03415
2.03188
2.02887
2.02497
2.02005
2.01403
2.00698
1.99914
1.99099
1.98321
1.97651
1.97153
1.9686
1.96775
1.96881
1.97152
1.97563
1.98092
1.98711
1.99386
2.00077
2.00742
2.01349
2.01876
2.02313
2.02658
2.02916
2.03096
2.03204
2.0325
2.03238
2.03175
2.03064
2.02907
2.02708
2.02469
2.02191
2.01876
2.01518
2.01112
2.00649
2.00131
1.99582
1.99057
1.9864
1.98418
1.98434
1.98655
1.98982
1.99293
1.99494
1.9955
1.99489
1.99379
1.99298
1.99301
1.99404
1.99587
1.99811
2.00043
2.00265
2.00479
2.007
2.00951
2.0125
2.01609
2.02022
2.0247
2.02922
2.03346
2.0371
2.03989
2.04168
2.04235
2.04183
2.04011
2.0372
2.03315
2.02809
2.02224
2.01597
2.00978
2.00436
2.00048
1.99885
1.99992
2.00368
2.00971
2.01723
2.02539
2.03345
2.04087
2.04736
2.05281
2.05724
2.06076
2.06351
2.06561
2.06722
2.06843
2.06933
2.06997
2.07038
2.07057
2.0705
2.07016
2.06951
2.06854
2.06723
2.06563
2.0638
2.06183
2.05985
2.05794
2.05615
2.0545
2.05288
2.05116
2.04915
2.04665
2.04353
2.03974
2.03535
2.03055
2.02564
2.02101
2.01709
2.01425
2.01281
2.01292
2.01455
2.01752
2.02149
2.02606
2.03074
2.03512
2.03882
2.04159
2.04323
2.04365
2.04284
2.0409
2.03803
2.03457
2.03094
2.02755
2.0247
2.02251
2.02095
2.01992
2.01932
2.01919
2.01964
2.02085
2.02292
2.02587
2.02959
2.03388
2.03846
2.0431
2.04755
2.05163
2.05521
2.05818
2.06049
2.0621
2.063
2.06318
2.06262
2.06131
2.05924
2.05635
2.05262
2.04805
2.04266
2.03663
2.03028
2.02415
2.01893
2.01536
2.01395
2.01484
2.01771
2.02194
2.02678
2.03162
2.03601
2.03973
2.04268
2.0449
2.04647
2.04748
2.04803
2.04816
2.04778
2.04666
2.04439
2.0404
2.03411
2.02512
2.0135
2.00005
1.98633
1.9744
1.96624
1.96311
1.96522
1.97181
1.98161
1.99333
2.00594
2.01871
2.03111
2.04273
2.05323
2.06229
2.06965
2.07516
2.0788
2.0806
2.08068
2.07921
2.07635
2.0723
2.06727
2.06148
2.05516
2.04857
2.04203
2.03595
2.03086
2.02737
2.02603
2.02715
2.03063
2.03597
2.04242
2.04923
2.05578
2.06168
2.06676
2.07099
2.07443
2.0772
2.07939
2.08112
2.08245
2.08344
2.08409
2.08441
2.08439
2.08401
2.08326
2.08217
2.08083
2.0794
2.07815
2.07749
2.07786
2.07969
2.08319
2.08829
2.09457
2.10138
2.108
2.11381
2.11831
2.12119
2.12224
2.12136
2.11855
2.11397
2.10792
2.10099
2.09393
2.08764
