1.65
1.64846
1.64375
1.63566
1.62376
1.60749
1.58615
1.55885
1.52459
1.48233
1.43115
1.37051
1.30052
1.22224
1.13802
1.05144
0.963033
0.886289
0.821187
0.770703
0.736129
0.717058
0.711635
0.717056
0.730073
1.55252
1.57359
1.58285
1.58012
1.56661
1.54461
1.51699
1.48673
1.45633
1.4274
1.40081
1.37705
1.3568
1.3409
1.32997
1.32395
1.323
1.32622
1.33304
1.34265
1.35383
1.36499
1.37467
1.382
1.38705
1.69438
1.6961
1.69477
1.6913
1.68612
1.67931
1.67076
1.66018
1.64719
1.6317
1.61401
1.59496
1.57577
1.55804
1.54385
1.53523
1.53379
1.53689
1.54016
1.53932
1.53252
1.52093
1.50814
1.49856
1.49559
1.62561
1.63618
1.64911
1.66121
1.66972
1.67289
1.67026
1.66281
1.65273
1.64262
1.6344
1.62846
1.62385
1.61942
1.61487
1.61104
1.60971
1.61166
1.61667
1.62335
1.62981
1.63456
1.63719
1.63832
1.6388
1.66263
1.66127
1.65763
1.65217
1.64679
1.64392
1.64541
1.65209
1.66378
1.67915
1.69591
1.71122
1.72268
1.72879
1.72899
1.72355
1.71342
1.70007
1.68517
1.67019
1.65616
1.64383
1.63373
1.6259
1.6198
1.61433
1.60823
1.60059
1.59149
1.5823
1.57518
1.57194
1.57311
1.57791
1.58439
1.58965
1.59037
1.58406
1.5707
1.5537
1.53856
1.52911
1.52495
1.52357
1.52416
1.52886
1.54059
1.56056
1.5871
1.61627
1.64332
1.66423
1.67682
1.68114
1.67933
1.67448
1.66934
1.6653
1.66232
1.65965
1.65652
1.65249
1.64734
1.64079
1.63232
1.62141
1.60776
1.59192
1.5759
1.56326
1.55823
1.56404
1.58136
1.60808
1.64036
1.67428
1.70665
1.73523
1.7585
1.7753
1.78464
1.78561
1.77737
1.7595
1.73264
1.69923
1.66381
1.63217
1.60942
1.59795
1.59655
1.60095
1.60594
1.60802
1.60732
1.60711
1.61084
1.619
1.62861
1.63588
1.63875
1.6376
1.63425
1.63015
1.62536
1.61919
1.61164
1.60388
1.5976
1.59371
1.59144
1.58885
1.58419
1.57707
1.56903
1.5631
1.56274
1.5702
1.58544
1.60608
1.6287
1.65044
1.66962
1.6856
1.69825
1.70761
1.71365
1.71625
1.71517
1.70997
1.70008
1.68502
1.66468
1.6396
1.6106
1.57838
1.54364
1.50772
1.47318
1.44348
1.42231
1.41276
1.41645
1.43273
1.4587
1.49001
1.52212
1.55133
1.57532
1.59305
1.60437
1.60941
1.60838
1.60188
1.59126
1.57876
1.56699
1.55821
1.55386
1.55429
1.55861
1.56487
1.57052
1.57317
1.57144
1.56515
1.55535
1.54391
1.53321
1.52635
1.52722
1.53977
1.56627
1.60521
1.65126
1.6973
1.73707
1.7666
1.78436
1.79073
1.78724
1.77586
1.75847
1.73651
1.71109
1.68337
1.65517
1.62891
1.60678
1.58967
1.57703
1.56757
1.56038
1.55572
1.55502
1.55986
1.57012
1.58279
1.59279
1.59491
1.58571
1.56428
1.53244
1.49465
1.45751
1.42814
1.41157
1.4089
1.41762
1.43347
1.45246
1.47195
1.49093
1.50961
1.52838
1.54711
1.56534
1.58283
1.5996
1.61547
1.62942
1.63945
1.64291
1.63727
1.62085
1.59344
1.55645
1.51282
1.46677
1.4238
1.39065
1.37453
1.38078
1.41013
1.45757
1.5144
1.57165
1.62253
1.66294
1.69085
1.70569
1.70786
1.69865
1.68053
1.65723
1.63327
1.61296
1.59907
1.592
1.58967
1.58857
1.58545
1.5789
1.5698
1.56051
1.55354
1.55055
1.55172
1.5558
1.56038
1.56256
1.56009
1.55225
1.54026
1.52719
1.51697
1.5132
1.51799
1.53156
1.55211
1.57637
1.6
1.61843
1.62777
1.62579
1.61259
1.59124
1.56736
1.54725
1.53498
1.5305
1.5307
1.53185
1.53164
1.52987
1.5282
1.52926
1.53571
1.54939
1.57082
1.59929
1.63317
1.67034
1.70835
1.74468
1.77677
1.80218
1.81891
1.82561
1.8218
1.80797
1.78565
1.75729
1.72606
1.69563
1.66971
1.65133
1.64228
1.64264
1.65103
1.6653
1.68327
1.70309
1.72319
1.74209
1.7581
1.76941
1.77425
1.77113
1.75912
1.73806
1.7092
1.67572
1.64229
1.61332
1.59054
1.57292
1.55896
1.54893
1.54472
1.54793
1.5584
1.5743
1.59298
1.61196
1.62914
1.6426
1.65053
1.65163
1.64573
1.63406
1.61912
1.60395
1.59126
1.58282
1.57929
1.5803
1.58471
1.59108
1.5979
1.60411
1.60952
1.61511
1.62265
1.63366
1.64825
1.66458
1.67925
1.68797
1.6866
1.67265
1.64704
1.61547
1.58715
1.57112
1.57214
1.5886
1.61396
1.64056
1.66288
1.67809
1.68535
1.68518
1.67905
1.66905
1.65753
1.64658
1.63771
1.63189
1.62989
1.63239
1.63961
1.65091
1.66454
1.67813
1.68923
1.69597
1.69732
1.69298
1.68315
1.66821
1.64845
1.62415
1.59579
1.5645
1.53236
1.50231
1.47753
1.46061
1.45262
1.45312
1.46049
1.47263
1.48764
1.50408
1.52091
1.53713
1.55148
1.56259
1.56936
1.57128
1.5684
1.56162
1.55295
1.54538
1.54156
1.54225
1.54602
1.55028
1.55276
1.55243
1.54965
1.54573
1.54225
1.54029
1.5401
1.54132
1.54362
1.54708
1.55215
1.55912
1.56754
1.57609
1.58302
1.58665
1.58584
1.58022
1.57063
1.55946
1.55058
1.54816
1.55492
1.57081
1.59317
1.61762
1.63885
1.65149
1.65123
1.63658
1.61061
1.58083
1.55568
1.53936
1.53011
1.52365
1.51726
1.51081
1.50543
1.50187
1.50005
1.49966
1.50099
1.50501
1.51275
1.5244
1.5388
1.55348
1.56516
1.57082
1.56866
1.5589
1.54379
1.52685
1.51167
1.50092
1.49574
1.49585
1.50025
1.50796
1.51863
1.53284
1.55151
1.57495
1.60179
1.62867
1.65096
1.6647
1.66837
1.66353
1.6535
1.64082
1.6255
1.6058
1.58022
1.5492
1.51527
1.48213
1.45386
1.43478
1.42935
1.65
1.64846
1.64375
1.63566
1.62376
1.60749
1.58615
1.55885
1.52459
1.48233
1.43115
1.37051
1.30052
1.22224
1.13802
1.05144
0.963033
0.886289
0.821187
0.770703
0.736129
0.717058
0.711635
0.717056
0.730073
1.55252
1.57359
1.58285
1.58012
1.56661
1.54461
1.51699
1.48673
1.45633
1.4274
1.40081
1.37705
1.3568
1.3409
1.32997
1.32395
1.323
1.32622
1.33304
1.34265
1.35383
1.36499
1.37467
1.382
1.38705
1.69438
1.6961
1.69477
1.6913
1.68612
1.67931
1.67076
1.66018
1.64719
1.6317
1.61401
1.59496
1.57577
1.55804
1.54385
1.53523
1.53379
1.53689
1.54016
1.53932
1.53252
1.52093
1.50814
1.49856
1.49559
1.62561
1.63618
1.64911
1.66121
1.66972
1.67289
1.67026
1.66281
1.65273
1.64262
1.6344
1.62846
1.62385
1.61942
1.61487
1.61104
1.60971
1.61166
1.61667
1.62335
1.62981
1.63456
1.63719
1.63832
1.6388
1.66263
1.66127
1.65763
1.65217
1.64679
1.64392
1.64541
1.65209
1.66378
1.67915
1.69591
1.71122
1.72268
1.72879
1.72899
1.72355
1.71342
1.70007
1.68517
1.67019
1.65616
1.64383
1.63373
1.6259
1.6198
1.61433
1.60823
1.60059
1.59149
1.5823
1.57518
1.57194
1.57311
1.57791
1.58439
1.58965
1.59037
1.58406
1.5707
1.5537
1.53856
1.52911
1.52495
1.52357
1.52416
1.52886
1.54059
1.56056
1.5871
1.61627
1.64332
1.66423
1.67682
1.68114
1.67933
1.67448
1.66934
1.6653
1.66232
1.65965
1.65652
1.65249
1.64734
1.64079
1.63232
1.62141
1.60776
1.59192
1.5759
1.56326
1.55823
1.56404
1.58136
1.60808
1.64036
1.67428
1.70665
1.73523
1.7585
1.7753
1.78464
1.78561
1.77737
1.7595
1.73264
1.69923
1.66381
1.63217
1.60942
1.59795
1.59655
1.60095
1.60594
1.60802
1.60732
1.60711
1.61084
1.619
1.62861
1.63588
1.63875
1.6376
1.63425
1.63015
1.62536
1.61919
1.61164
1.60388
1.5976
1.59371
1.59144
1.58885
1.58419
1.57707
1.56903
1.5631
1.56274
1.5702
1.58544
1.60608
1.6287
1.65044
1.66962
1.6856
1.69825
1.70761
1.71365
1.71625
1.71517
1.70997
1.70008
1.68502
1.66468
1.6396
1.6106
1.57838
1.54364
1.50772
1.47318
1.44348
1.42231
1.41276
1.41645
1.43273
1.4587
1.49001
1.52212
1.55133
1.57532
1.59305
1.60437
1.60941
1.60838
1.60188
1.59126
1.57876
1.56699
1.55821
1.55386
1.55429
1.55861
1.56487
1.57052
1.57317
1.57144
1.56515
1.55535
1.54391
1.53321
1.52635
1.52722
1.53977
1.56627
1.60521
1.65126
1.6973
1.73707
1.7666
1.78436
1.79073
1.78724
1.77586
1.75847
1.73651
1.71109
1.68337
1.65517
1.62891
1.60678
1.58967
1.57703
1.56757
1.56038
1.55572
1.55502
1.55986
1.57012
1.58279
1.59279
1.59491
1.58571
1.56428
1.53244
1.49465
1.45751
1.42814
1.41157
1.4089
1.41762
1.43347
1.45246
1.47195
1.49093
1.50961
1.52838
1.54711
1.56534
1.58283
1.5996
1.61547
1.62942
1.63945
1.64291
1.63727
1.62085
1.59344
1.55645
1.51282
1.46677
1.4238
1.39065
1.37453
1.38078
1.41013
1.45757
1.5144
1.57165
1.62253
1.66294
1.69085
1.70569
1.70786
1.69865
1.68053
1.65723
1.63327
1.61296
1.59907
1.592
1.58967
1.58857
1.58545
1.5789
1.5698
1.56051
1.55354
1.55055
1.55172
1.5558
1.56038
1.56256
1.56009
1.55225
1.54026
1.52719
1.51697
1.5132
1.51799
1.53156
1.55211
1.57637
1.6
1.61843
1.62777
1.62579
1.61259
1.59124
1.56736
1.54725
1.53498
1.5305
1.5307
1.53185
1.53164
1.52987
1.5282
1.52926
1.53571
1.54939
1.57082
1.59929
1.63317
1.67034
1.70835
1.74468
1.77677
1.80218
1.81891
1.82561
1.8218
1.80797
1.78565
1.75729
1.72606
1.69563
1.66971
1.65133
1.64228
1.64264
1.65103
1.6653
1.68327
1.70309
1.72319
1.74209
1.7581
1.76941
1.77425
1.77113
1.75912
1.73806
1.7092
1.67572
1.64229
1.61332
1.59054
1.57292
1.55896
1.54893
1.54472
1.54793
1.5584
1.5743
1.59298
1.61196
1.62914
1.6426
1.65053
1.65163
1.64573
1.63406
1.61912
1.60395
1.59126
1.58282
1.57929
1.5803
1.58471
1.59108
1.5979
1.60411
1.60952
1.61511
1.62265
1.63366
1.64825
1.66458
1.67925
1.68797
1.6866
1.67265
1.64704
1.61547
1.58715
1.57112
1.57214
1.5886
1.61396
1.64056
1.66288
1.67809
1.68535
1.68518
1.67905
1.66905
1.65753
1.64658
1.63771
1.63189
1.62989
1.63239
1.63961
1.65091
1.66454
1.67813
1.68923
1.69597
1.69732
1.69298
1.68315
1.66821
1.64845
1.62415
1.59579
1.5645
1.53236
1.50231
1.47753
1.46061
1.45262
1.45312
1.46049
1.47263
1.48764
1.50408
1.52091
1.53713
1.55148
1.56259
1.56936
1.57128
1.5684
1.56162
1.55295
1.54538
1.54156
1.54225
1.54602
1.55028
1.55276
1.55243
1.54965
1.54573
1.54225
1.54029
1.5401
1.54132
1.54362
1.54708
1.55215
1.55912
1.56754
1.57609
1.58302
1.58665
1.58584
1.58022
1.57063
1.55946
1.55058
1.54816
1.55492
1.57081
1.59317
1.61762
1.63885
1.65149
1.65123
1.63658
1.61061
1.58083
1.55568
1.53936
1.53011
1.52365
1.51726
1.51081
1.50543
1.50187
1.50005
1.49966
1.50099
1.50501
1.51275
1.5244
1.5388
1.55348
1.56516
1.57082
1.56866
1.5589
1.54379
1.52685
1.51167
1.50092
1.49574
1.49585
1.50025
1.50796
1.51863
1.53284
1.55151
1.57495
1.60179
1.62867
1.65096
1.6647
1.66837
1.66353
1.6535
1.64082
1.6255
1.6058
1.58022
1.5492
1.51527
1.48213
1.45386
1.43478
1.42935
