-6.65046
-6.65046
-6.64495
-6.62941
-6.61808
-6.60771
-6.59832
-6.59313
-6.58924
-6.5873
-6.58535
-6.58276
-6.58114
-6.58017
-6.57888
-6.57985
-6.57729
-6.57715
-6.57564
-6.57624
-6.57694
-6.57542
-6.57583
-6.57879
-6.58006
-5.74338
-5.74176
-5.74272
-5.74434
-5.74402
-5.74337
-5.74109
-5.73915
-5.73753
-5.7372
-5.73688
-5.7385
-5.74012
-5.74012
-5.73818
-5.73421
-5.73409
-5.73609
-5.73691
-5.73811
-5.74124
-5.74203
-5.74041
-5.73955
-5.74006
-5.58518
-5.58712
-5.58647
-5.58712
-5.5855
-5.58615
-5.58583
-5.58615
-5.58713
-5.58745
-5.58777
-5.58648
-5.58648
-5.58713
-5.58745
-5.58992
-5.59075
-5.58864
-5.58781
-5.58697
-5.58678
-5.58753
-5.58655
-5.58795
-5.58811
-5.53266
-5.53137
-5.53202
-5.53008
-5.52847
-5.52879
-5.53073
-5.53008
-5.53072
-5.53169
-5.53072
-5.53072
-5.53105
-5.53105
-5.5317
-5.53225
-5.53075
-5.53007
-5.53182
-5.5302
-5.53237
-5.53315
-5.53419
-5.53327
-5.53203
-5.48114
-5.47822
-5.4779
-5.47628
-5.47628
-5.47628
-5.47564
-5.47531
-5.47466
-5.47596
-5.47466
-5.47401
-5.47466
-5.47628
-5.47693
-5.47693
-5.47693
-5.47499
-5.47596
-5.47823
-5.47628
-5.47661
-5.4766
-5.47531
-5.47563
-5.47498
-5.47434
-5.47434
-5.47434
-5.47402
-5.47596
-5.47758
-5.47887
-5.4792
-5.47887
-5.4792
-5.47661
-5.47726
-5.47467
-5.47435
-5.47597
-5.47726
-5.47726
-5.47888
-5.47952
-5.48082
-5.47823
-5.47953
-5.47823
-5.47694
-5.47629
-5.47435
-5.47532
-5.47402
-5.47369
-5.47304
-5.47369
-5.47304
-5.47531
-5.47434
-5.47564
-5.47597
-5.475
-5.47597
-5.47467
-5.47435
-5.47597
-5.47791
-5.47597
-5.47597
-5.47532
-5.47629
-5.47532
-5.47596
-5.47596
-5.47693
-5.47563
-5.47628
-5.47467
-5.47532
-5.47564
-5.47597
-5.47661
-5.47564
-5.47693
-5.4779
-5.47823
-5.47726
-5.47661
-5.47693
-5.47823
-5.47758
-5.47856
-5.47856
-5.47888
-5.47791
-5.47694
-5.47629
-5.47661
-5.47693
-5.47726
-5.47564
-5.47564
-5.47402
-5.47434
-5.47435
-5.47629
-5.475
-5.47533
-5.47598
-5.47695
-5.47888
-5.47823
-5.47823
-5.47985
-5.47952
-5.48017
-5.48082
-5.48049
-5.47855
-5.47693
-5.47661
-5.47694
-5.47564
-5.475
-5.47532
-5.47824
-5.47727
-5.47791
-5.4805
-5.48018
-5.4805
-5.47758
-5.47758
-5.47953
-5.4792
-5.47985
-5.47823
-5.47791
-5.47629
-5.47531
-5.47499
-5.47305
-5.47466
-5.47628
-5.47628
-5.4792
-5.47855
-5.47855
-5.47629
-5.47532
-5.47499
-5.47693
-5.4779
-5.47888
-5.48017
-5.47985
-5.48017
-5.47888
-5.47888
-5.48147
-5.48115
-5.48017
-5.47758
-5.48115
-5.48147
-5.47952
-5.47563
-5.47596
-5.47531
-5.47434
-5.47596
-5.47467
-5.47402
-5.47532
-5.47694
-5.47824
-5.47791
-5.47694
-5.47726
-5.47629
-5.47434
-5.47402
-5.47435
-5.47564
-5.47532
-5.47532
-5.47467
-5.47694
-5.47823
-5.47791
-5.47888
-5.47823
-5.47888
-5.47888
-5.47823
-5.47985
-5.4805
-5.47921
-5.47824
-5.47824
-5.47857
-5.47598
-5.47695
-5.47791
-5.47759
-5.47758
-5.47823
-5.47726
-5.47596
-5.47661
-5.47564
-5.47662
-5.47565
-5.47532
-5.47435
-5.47435
-5.47435
-5.47435
-5.47467
-5.47338
-5.47435
-5.47532
-5.47532
-5.47597
-5.47661
-5.47467
-5.47726
-5.47726
-5.4779
-5.47629
-5.47596
-5.4737
-5.47532
-5.47759
-5.47629
-5.47532
-5.47629
-5.47532
-5.47467
-5.47435
-5.47532
-5.47629
-5.4737
-5.47532
-5.47305
-5.4737
-5.47597
-5.47856
-5.47726
-5.47597
-5.47727
-5.47532
-5.475
-5.475
-5.475
-5.47435
-5.47338
-5.47435
-5.47338
-5.47371
-5.4763
-5.47824
-5.47856
-5.47856
-5.48051
-5.48374
-5.48439
-5.48245
-5.48148
-5.48148
-5.47954
-5.47986
-5.47857
-5.47857
-5.47727
-5.47727
-5.47695
-5.47663
-5.47792
-5.47825
-5.47857
-5.47955
-5.48019
-5.47728
-5.4776
-5.47695
-5.47825
-5.47662
-5.47598
-5.47727
-5.47825
-5.47566
-5.47501
-5.47696
-5.47825
-5.47793
-5.47598
-5.47502
-5.4734
-5.47534
-5.47631
-5.47663
-5.4776
-5.4776
-5.4776
-5.47631
-5.47598
-5.4763
-5.47469
-5.47663
-5.47922
-5.47858
-5.47728
-5.47793
-5.47728
-5.47955
-5.48149
-5.48116
-5.48083
-5.48018
-5.47857
-5.47825
-5.47857
-5.4789
-5.47987
-5.47987
-5.48117
-5.48181
-5.48052
-5.48149
-5.48116
-5.48375
-5.48505
-5.48181
-5.48472
-5.48343
-5.48084
-5.47922
-5.47987
-5.47792
-5.48019
-5.47955
-5.48084
-5.47922
-5.47792
-5.47436
-5.47209
-5.47241
-5.47242
-5.47307
-5.47437
-5.47437
-5.47566
-5.47696
-5.4776
-5.47695
-5.47566
-5.47663
-5.47663
-5.47792
-5.47727
-5.47759
-5.47857
-5.47824
-5.47597
-5.47824
-5.48018
-5.47921
-5.4776
-5.47889
-5.47857
-5.47954
-5.47987
-5.47954
-5.48051
-5.47857
-5.47728
-5.47792
-5.4776
-5.47986
-5.47986
-5.47954
-5.47889
-5.47824
-5.47889
-5.47856
-5.47726
-5.47726
-5.47824
-5.47824
-5.4763
-5.47825
-5.47857
-5.4776
-5.47792
-5.47695
-5.47598
-5.47533
-5.47566
-5.4776
-5.47598
-5.47598
-5.47727
-5.47921
-5.47792
-5.4776
-5.47662
-5.47921
-5.47759
-5.47888
-5.47726
-5.47532
-5.47564
-5.47726
-5.47856
-5.47888
-5.47856
-5.47532
-5.47403
-5.47533
-5.47695
-5.47954
-5.47857
-5.47954
-5.47954
-5.47856
-5.48018
-5.47921
-5.47889
-5.47921
-5.47953
-5.47823
-5.47791
-5.4792
-5.4792
-5.47986
-5.47791
-5.47597
-5.47759
-5.47856
-5.47759
-5.47661
-5.47823
-5.47855
-5.47823
-5.4792
-5.4792
-5.47953
-5.48018
-5.47921
-5.4805
-5.4792
-5.47953
-5.47986
-5.48018
-5.47921
-5.47953
-5.47856
-5.4792
-5.47758
-5.47758
-5.47726
-5.47661
-5.47855
-5.47693
-5.47629
-5.47467
-5.47629
-5.47403
-5.47273
-5.47467
-5.47435
-5.47499
-5.47596
-5.47661
-5.47466
-5.47402
-5.47564
-5.47628
-5.47661
-5.47596
-5.47661
-5.47726
-5.47888
-5.47662
-5.47985
-5.47759
-5.47921
-5.47986
-5.48115
-5.47953
-5.47985
-5.47823
-5.47759
-5.47953
-5.48147
-5.48083
-5.47856
-5.47856
-6.65046
-6.65046
-6.64495
-6.62941
-6.61808
-6.60771
-6.59832
-6.59313
-6.58924
-6.5873
-6.58535
-6.58276
-6.58114
-6.58017
-6.57888
-6.57985
-6.57729
-6.57715
-6.57564
-6.57624
-6.57694
-6.57542
-6.57583
-6.57879
-6.58006
-5.74338
-5.74176
-5.74272
-5.74434
-5.74402
-5.74337
-5.74109
-5.73915
-5.73753
-5.7372
-5.73688
-5.7385
-5.74012
-5.74012
-5.73818
-5.73421
-5.73409
-5.73609
-5.73691
-5.73811
-5.74124
-5.74203
-5.74041
-5.73955
-5.74006
-5.58518
-5.58712
-5.58647
-5.58712
-5.5855
-5.58615
-5.58583
-5.58615
-5.58713
-5.58745
-5.58777
-5.58648
-5.58648
-5.58713
-5.58745
-5.58992
-5.59075
-5.58864
-5.58781
-5.58697
-5.58678
-5.58753
-5.58655
-5.58795
-5.58811
-5.53266
-5.53137
-5.53202
-5.53008
-5.52847
-5.52879
-5.53073
-5.53008
-5.53072
-5.53169
-5.53072
-5.53072
-5.53105
-5.53105
-5.5317
-5.53225
-5.53075
-5.53007
-5.53182
-5.5302
-5.53237
-5.53315
-5.53419
-5.53327
-5.53203
-5.48114
-5.47822
-5.4779
-5.47628
-5.47628
-5.47628
-5.47564
-5.47531
-5.47466
-5.47596
-5.47466
-5.47401
-5.47466
-5.47628
-5.47693
-5.47693
-5.47693
-5.47499
-5.47596
-5.47823
-5.47628
-5.47661
-5.4766
-5.47531
-5.47563
-5.47498
-5.47434
-5.47434
-5.47434
-5.47402
-5.47596
-5.47758
-5.47887
-5.4792
-5.47887
-5.4792
-5.47661
-5.47726
-5.47467
-5.47435
-5.47597
-5.47726
-5.47726
-5.47888
-5.47952
-5.48082
-5.47823
-5.47953
-5.47823
-5.47694
-5.47629
-5.47435
-5.47532
-5.47402
-5.47369
-5.47304
-5.47369
-5.47304
-5.47531
-5.47434
-5.47564
-5.47597
-5.475
-5.47597
-5.47467
-5.47435
-5.47597
-5.47791
-5.47597
-5.47597
-5.47532
-5.47629
-5.47532
-5.47596
-5.47596
-5.47693
-5.47563
-5.47628
-5.47467
-5.47532
-5.47564
-5.47597
-5.47661
-5.47564
-5.47693
-5.4779
-5.47823
-5.47726
-5.47661
-5.47693
-5.47823
-5.47758
-5.47856
-5.47856
-5.47888
-5.47791
-5.47694
-5.47629
-5.47661
-5.47693
-5.47726
-5.47564
-5.47564
-5.47402
-5.47434
-5.47435
-5.47629
-5.475
-5.47533
-5.47598
-5.47695
-5.47888
-5.47823
-5.47823
-5.47985
-5.47952
-5.48017
-5.48082
-5.48049
-5.47855
-5.47693
-5.47661
-5.47694
-5.47564
-5.475
-5.47532
-5.47824
-5.47727
-5.47791
-5.4805
-5.48018
-5.4805
-5.47758
-5.47758
-5.47953
-5.4792
-5.47985
-5.47823
-5.47791
-5.47629
-5.47531
-5.47499
-5.47305
-5.47466
-5.47628
-5.47628
-5.4792
-5.47855
-5.47855
-5.47629
-5.47532
-5.47499
-5.47693
-5.4779
-5.47888
-5.48017
-5.47985
-5.48017
-5.47888
-5.47888
-5.48147
-5.48115
-5.48017
-5.47758
-5.48115
-5.48147
-5.47952
-5.47563
-5.47596
-5.47531
-5.47434
-5.47596
-5.47467
-5.47402
-5.47532
-5.47694
-5.47824
-5.47791
-5.47694
-5.47726
-5.47629
-5.47434
-5.47402
-5.47435
-5.47564
-5.47532
-5.47532
-5.47467
-5.47694
-5.47823
-5.47791
-5.47888
-5.47823
-5.47888
-5.47888
-5.47823
-5.47985
-5.4805
-5.47921
-5.47824
-5.47824
-5.47857
-5.47598
-5.47695
-5.47791
-5.47759
-5.47758
-5.47823
-5.47726
-5.47596
-5.47661
-5.47564
-5.47662
-5.47565
-5.47532
-5.47435
-5.47435
-5.47435
-5.47435
-5.47467
-5.47338
-5.47435
-5.47532
-5.47532
-5.47597
-5.47661
-5.47467
-5.47726
-5.47726
-5.4779
-5.47629
-5.47596
-5.4737
-5.47532
-5.47759
-5.47629
-5.47532
-5.47629
-5.47532
-5.47467
-5.47435
-5.47532
-5.47629
-5.4737
-5.47532
-5.47305
-5.4737
-5.47597
-5.47856
-5.47726
-5.47597
-5.47727
-5.47532
-5.475
-5.475
-5.475
-5.47435
-5.47338
-5.47435
-5.47338
-5.47371
-5.4763
-5.47824
-5.47856
-5.47856
-5.48051
-5.48374
-5.48439
-5.48245
-5.48148
-5.48148
-5.47954
-5.47986
-5.47857
-5.47857
-5.47727
-5.47727
-5.47695
-5.47663
-5.47792
-5.47825
-5.47857
-5.47955
-5.48019
-5.47728
-5.4776
-5.47695
-5.47825
-5.47662
-5.47598
-5.47727
-5.47825
-5.47566
-5.47501
-5.47696
-5.47825
-5.47793
-5.47598
-5.47502
-5.4734
-5.47534
-5.47631
-5.47663
-5.4776
-5.4776
-5.4776
-5.47631
-5.47598
-5.4763
-5.47469
-5.47663
-5.47922
-5.47858
-5.47728
-5.47793
-5.47728
-5.47955
-5.48149
-5.48116
-5.48083
-5.48018
-5.47857
-5.47825
-5.47857
-5.4789
-5.47987
-5.47987
-5.48117
-5.48181
-5.48052
-5.48149
-5.48116
-5.48375
-5.48505
-5.48181
-5.48472
-5.48343
-5.48084
-5.47922
-5.47987
-5.47792
-5.48019
-5.47955
-5.48084
-5.47922
-5.47792
-5.47436
-5.47209
-5.47241
-5.47242
-5.47307
-5.47437
-5.47437
-5.47566
-5.47696
-5.4776
-5.47695
-5.47566
-5.47663
-5.47663
-5.47792
-5.47727
-5.47759
-5.47857
-5.47824
-5.47597
-5.47824
-5.48018
-5.47921
-5.4776
-5.47889
-5.47857
-5.47954
-5.47987
-5.47954
-5.48051
-5.47857
-5.47728
-5.47792
-5.4776
-5.47986
-5.47986
-5.47954
-5.47889
-5.47824
-5.47889
-5.47856
-5.47726
-5.47726
-5.47824
-5.47824
-5.4763
-5.47825
-5.47857
-5.4776
-5.47792
-5.47695
-5.47598
-5.47533
-5.47566
-5.4776
-5.47598
-5.47598
-5.47727
-5.47921
-5.47792
-5.4776
-5.47662
-5.47921
-5.47759
-5.47888
-5.47726
-5.47532
-5.47564
-5.47726
-5.47856
-5.47888
-5.47856
-5.47532
-5.47403
-5.47533
-5.47695
-5.47954
-5.47857
-5.47954
-5.47954
-5.47856
-5.48018
-5.47921
-5.47889
-5.47921
-5.47953
-5.47823
-5.47791
-5.4792
-5.4792
-5.47986
-5.47791
-5.47597
-5.47759
-5.47856
-5.47759
-5.47661
-5.47823
-5.47855
-5.47823
-5.4792
-5.4792
-5.47953
-5.48018
-5.47921
-5.4805
-5.4792
-5.47953
-5.47986
-5.48018
-5.47921
-5.47953
-5.47856
-5.4792
-5.47758
-5.47758
-5.47726
-5.47661
-5.47855
-5.47693
-5.47629
-5.47467
-5.47629
-5.47403
-5.47273
-5.47467
-5.47435
-5.47499
-5.47596
-5.47661
-5.47466
-5.47402
-5.47564
-5.47628
-5.47661
-5.47596
-5.47661
-5.47726
-5.47888
-5.47662
-5.47985
-5.47759
-5.47921
-5.47986
-5.48115
-5.47953
-5.47985
-5.47823
-5.47759
-5.47953
-5.48147
-5.48083
-5.47856
-5.47856
