0.8
0.792092
0.768643
0.730592
0.679111
0.616104
0.544435
0.468016
0.3917
0.320929
0.261023
0.216287
0.189191
0.179932
0.186545
0.205498
0.234011
0.264954
0.295935
0.324239
0.348091
0.366578
0.379502
0.387219
0.390451
0.947713
0.936752
0.910448
0.871565
0.823517
0.770383
0.716628
0.666715
0.624557
0.593263
0.574777
0.569682
0.577047
0.594448
0.618398
0.646327
0.67172
0.693069
0.708417
0.716657
0.71754
0.711649
0.70052
0.68653
0.672738
0.764467
0.757717
0.756022
0.760083
0.769289
0.781964
0.795988
0.809363
0.820644
0.829129
0.834814
0.838001
0.838979
0.83775
0.834161
0.827632
0.818744
0.807565
0.794412
0.779479
0.762742
0.744367
0.725255
0.707645
0.694836
0.726156
0.728707
0.736516
0.745545
0.752235
0.754874
0.753885
0.75158
0.751351
0.756208
0.767263
0.782866
0.799346
0.81269
0.819956
0.819811
0.81286
0.801022
0.786436
0.771052
0.756403
0.743765
0.734095
0.728018
0.725621
0.760998
0.764036
0.767972
0.771997
0.775455
0.777926
0.779346
0.779987
0.780339
0.781051
0.782827
0.786315
0.791864
0.799298
0.807837
0.816206
0.822845
0.826333
0.825538
0.819813
0.809209
0.794753
0.778748
0.764524
0.755661
0.754602
0.761349
0.773071
0.785302
0.794142
0.797793
0.79677
0.79318
0.789704
0.788564
0.790925
0.796612
0.804472
0.812739
0.819736
0.824274
0.826188
0.826289
0.825941
0.826412
0.82818
0.830623
0.832078
0.830285
0.823063
0.809151
0.78882
0.764111
0.738461
0.715948
0.7003
0.69394
0.697505
0.709947
0.729002
0.751888
0.775977
0.799246
0.820362
0.838535
0.853266
0.864101
0.87049
0.8719
0.868007
0.858942
0.845418
0.828863
0.811303
0.795023
0.782163
0.774191
0.771539
0.773496
0.778243
0.783189
0.785777
0.784322
0.778765
0.770471
0.761476
0.753732
0.748664
0.747009
0.748768
0.753396
0.759984
0.767519
0.775053
0.781669
0.78646
0.788579
0.787498
0.783463
0.777807
0.772946
0.771947
0.777564
0.791086
0.81174
0.83683
0.862568
0.884885
0.900269
0.906325
0.902113
0.888129
0.866035
0.838495
0.808796
0.780321
0.756064
0.737972
0.726698
0.721914
0.722813
0.728562
0.738627
0.752621
0.76999
0.789534
0.809392
0.827429
0.841962
0.852274
0.858544
0.861446
0.86166
0.859488
0.854742
0.846907
0.835488
0.820296
0.801734
0.781096
0.760528
0.742565
0.729323
0.7219
0.720176
0.723113
0.729156
0.736701
0.744354
0.751231
0.757168
0.762646
0.768479
0.775361
0.783511
0.792599
0.802074
0.811296
0.819699
0.826748
0.831998
0.834985
0.83536
0.833
0.828217
0.821969
0.815635
0.810723
0.808238
0.808542
0.811353
0.815884
0.821058
0.825574
0.828034
0.827236
0.82243
0.813696
0.802078
0.789538
0.778328
0.770192
0.765742
0.764235
0.764159
0.764009
0.762892
0.760684
0.757913
0.75545
0.754117
0.754448
0.756802
0.761502
0.769083
0.780173
0.795096
0.813225
0.832592
0.850223
0.862826
0.867591
0.862998
0.84918
0.828128
0.803362
0.779013
0.758696
0.744589
0.737363
0.736602
0.741376
0.750464
0.76243
0.775652
0.788377
0.799099
0.806773
0.811077
0.812247
0.810881
0.807719
0.80355
0.799126
0.795089
0.791778
0.789204
0.787303
0.78636
0.787263
0.791226
0.799027
0.810226
0.823085
0.835109
0.843872
0.847695
0.846022
0.83923
0.828415
0.814955
0.800189
0.785317
0.771218
0.758737
0.748725
0.741855
0.738455
0.738305
0.740515
0.74373
0.746501
0.747715
0.747018
0.744849
0.74209
0.739715
0.73833
0.738128
0.738944
0.740447
0.742287
0.744217
0.746251
0.748751
0.752197
0.757045
0.763426
0.771075
0.779306
0.787185
0.79386
0.798884
0.802539
0.80591
0.810464
0.817259
0.826389
0.83702
0.847788
0.857178
0.863773
0.86641
0.864289
0.857118
0.84534
0.830351
0.814313
0.799734
0.788635
0.781838
0.778898
0.778372
0.778639
0.778547
0.777737
0.776411
0.7748
0.772654
0.769254
0.76396
0.756866
0.748946
0.742034
0.73814
0.738602
0.743579
0.752444
0.764423
0.778808
0.794633
0.810525
0.824786
0.835733
0.842014
0.842825
0.838322
0.829659
0.81905
0.809361
0.803318
0.802513
0.806747
0.814406
0.823474
0.832415
0.840345
0.846576
0.850459
0.851396
0.849144
0.843925
0.836471
0.82773
0.818567
0.809592
0.801002
0.792763
0.78474
0.776861
0.769049
0.761134
0.752915
0.744432
0.736398
0.730318
0.728143
0.731553
0.741203
0.756371
0.77512
0.794748
0.812237
0.824849
0.830845
0.830029
0.823626
0.813898
0.803315
0.793843
0.78663
0.781998
0.779828
0.779975
0.782722
0.788598
0.798024
0.810947
0.826489
0.843139
0.859058
0.87261
0.882618
0.888317
0.889223
0.884927
0.875156
0.860157
0.840892
0.818985
0.796242
0.774148
0.753622
0.73523
0.719482
0.707073
0.698927
0.69582
0.698079
0.705269
0.716179
0.729079
0.742227
0.754319
0.764876
0.774211
0.783068
0.792254
0.802095
0.812276
0.822095
0.830824
0.837957
0.843106
0.845789
0.84522
0.840547
0.831261
0.817574
0.800639
0.782381
0.765195
0.751236
0.741776
0.737213
0.737357
0.741891
0.750341
0.761773
0.77479
0.787703
0.798824
0.806767
0.810784
0.810982
0.808423
0.804719
0.801531
0.800094
0.800952
0.803937
0.808503
0.814072
0.820353
0.827227
0.834312
0.84069
0.844871
0.845201
0.840562
0.830929
0.817661
0.803321
0.790957
0.783294
0.78184
0.786468
0.795473
0.806319
0.816724
0.825572
0.833007
0.839462
0.844707
0.847866
0.848109
0.84505
0.838799
0.829975
0.819577
0.80884
0.798925
0.790846
0.785475
0.783362
0.784517
0.787927
0.791399
0.792058
0.787419
0.776407
0.759704
0.739324
0.717779
0.697385
0.680103
0.667851
0.662449
0.665212
0.676432
0.695111
0.719113
0.745673
0.772005
0.795812
0.815563
0.830548
0.840791
0.846872
0.849613
0.849903
0.8485
0.845975
0.84257
0.838379
0.833398
0.827796
0.821848
0.815659
0.808965
0.8
0.792092
0.768643
0.730592
0.679111
0.616104
0.544435
0.468016
0.3917
0.320929
0.261023
0.216287
0.189191
0.179932
0.186545
0.205498
0.234011
0.264954
0.295935
0.324239
0.348091
0.366578
0.379502
0.387219
0.390451
0.947713
0.936752
0.910448
0.871565
0.823517
0.770383
0.716628
0.666715
0.624557
0.593263
0.574777
0.569682
0.577047
0.594448
0.618398
0.646327
0.67172
0.693069
0.708417
0.716657
0.71754
0.711649
0.70052
0.68653
0.672738
0.764467
0.757717
0.756022
0.760083
0.769289
0.781964
0.795988
0.809363
0.820644
0.829129
0.834814
0.838001
0.838979
0.83775
0.834161
0.827632
0.818744
0.807565
0.794412
0.779479
0.762742
0.744367
0.725255
0.707645
0.694836
0.726156
0.728707
0.736516
0.745545
0.752235
0.754874
0.753885
0.75158
0.751351
0.756208
0.767263
0.782866
0.799346
0.81269
0.819956
0.819811
0.81286
0.801022
0.786436
0.771052
0.756403
0.743765
0.734095
0.728018
0.725621
0.760998
0.764036
0.767972
0.771997
0.775455
0.777926
0.779346
0.779987
0.780339
0.781051
0.782827
0.786315
0.791864
0.799298
0.807837
0.816206
0.822845
0.826333
0.825538
0.819813
0.809209
0.794753
0.778748
0.764524
0.755661
0.754602
0.761349
0.773071
0.785302
0.794142
0.797793
0.79677
0.79318
0.789704
0.788564
0.790925
0.796612
0.804472
0.812739
0.819736
0.824274
0.826188
0.826289
0.825941
0.826412
0.82818
0.830623
0.832078
0.830285
0.823063
0.809151
0.78882
0.764111
0.738461
0.715948
0.7003
0.69394
0.697505
0.709947
0.729002
0.751888
0.775977
0.799246
0.820362
0.838535
0.853266
0.864101
0.87049
0.8719
0.868007
0.858942
0.845418
0.828863
0.811303
0.795023
0.782163
0.774191
0.771539
0.773496
0.778243
0.783189
0.785777
0.784322
0.778765
0.770471
0.761476
0.753732
0.748664
0.747009
0.748768
0.753396
0.759984
0.767519
0.775053
0.781669
0.78646
0.788579
0.787498
0.783463
0.777807
0.772946
0.771947
0.777564
0.791086
0.81174
0.83683
0.862568
0.884885
0.900269
0.906325
0.902113
0.888129
0.866035
0.838495
0.808796
0.780321
0.756064
0.737972
0.726698
0.721914
0.722813
0.728562
0.738627
0.752621
0.76999
0.789534
0.809392
0.827429
0.841962
0.852274
0.858544
0.861446
0.86166
0.859488
0.854742
0.846907
0.835488
0.820296
0.801734
0.781096
0.760528
0.742565
0.729323
0.7219
0.720176
0.723113
0.729156
0.736701
0.744354
0.751231
0.757168
0.762646
0.768479
0.775361
0.783511
0.792599
0.802074
0.811296
0.819699
0.826748
0.831998
0.834985
0.83536
0.833
0.828217
0.821969
0.815635
0.810723
0.808238
0.808542
0.811353
0.815884
0.821058
0.825574
0.828034
0.827236
0.82243
0.813696
0.802078
0.789538
0.778328
0.770192
0.765742
0.764235
0.764159
0.764009
0.762892
0.760684
0.757913
0.75545
0.754117
0.754448
0.756802
0.761502
0.769083
0.780173
0.795096
0.813225
0.832592
0.850223
0.862826
0.867591
0.862998
0.84918
0.828128
0.803362
0.779013
0.758696
0.744589
0.737363
0.736602
0.741376
0.750464
0.76243
0.775652
0.788377
0.799099
0.806773
0.811077
0.812247
0.810881
0.807719
0.80355
0.799126
0.795089
0.791778
0.789204
0.787303
0.78636
0.787263
0.791226
0.799027
0.810226
0.823085
0.835109
0.843872
0.847695
0.846022
0.83923
0.828415
0.814955
0.800189
0.785317
0.771218
0.758737
0.748725
0.741855
0.738455
0.738305
0.740515
0.74373
0.746501
0.747715
0.747018
0.744849
0.74209
0.739715
0.73833
0.738128
0.738944
0.740447
0.742287
0.744217
0.746251
0.748751
0.752197
0.757045
0.763426
0.771075
0.779306
0.787185
0.79386
0.798884
0.802539
0.80591
0.810464
0.817259
0.826389
0.83702
0.847788
0.857178
0.863773
0.86641
0.864289
0.857118
0.84534
0.830351
0.814313
0.799734
0.788635
0.781838
0.778898
0.778372
0.778639
0.778547
0.777737
0.776411
0.7748
0.772654
0.769254
0.76396
0.756866
0.748946
0.742034
0.73814
0.738602
0.743579
0.752444
0.764423
0.778808
0.794633
0.810525
0.824786
0.835733
0.842014
0.842825
0.838322
0.829659
0.81905
0.809361
0.803318
0.802513
0.806747
0.814406
0.823474
0.832415
0.840345
0.846576
0.850459
0.851396
0.849144
0.843925
0.836471
0.82773
0.818567
0.809592
0.801002
0.792763
0.78474
0.776861
0.769049
0.761134
0.752915
0.744432
0.736398
0.730318
0.728143
0.731553
0.741203
0.756371
0.77512
0.794748
0.812237
0.824849
0.830845
0.830029
0.823626
0.813898
0.803315
0.793843
0.78663
0.781998
0.779828
0.779975
0.782722
0.788598
0.798024
0.810947
0.826489
0.843139
0.859058
0.87261
0.882618
0.888317
0.889223
0.884927
0.875156
0.860157
0.840892
0.818985
0.796242
0.774148
0.753622
0.73523
0.719482
0.707073
0.698927
0.69582
0.698079
0.705269
0.716179
0.729079
0.742227
0.754319
0.764876
0.774211
0.783068
0.792254
0.802095
0.812276
0.822095
0.830824
0.837957
0.843106
0.845789
0.84522
0.840547
0.831261
0.817574
0.800639
0.782381
0.765195
0.751236
0.741776
0.737213
0.737357
0.741891
0.750341
0.761773
0.77479
0.787703
0.798824
0.806767
0.810784
0.810982
0.808423
0.804719
0.801531
0.800094
0.800952
0.803937
0.808503
0.814072
0.820353
0.827227
0.834312
0.84069
0.844871
0.845201
0.840562
0.830929
0.817661
0.803321
0.790957
0.783294
0.78184
0.786468
0.795473
0.806319
0.816724
0.825572
0.833007
0.839462
0.844707
0.847866
0.848109
0.84505
0.838799
0.829975
0.819577
0.80884
0.798925
0.790846
0.785475
0.783362
0.784517
0.787927
0.791399
0.792058
0.787419
0.776407
0.759704
0.739324
0.717779
0.697385
0.680103
0.667851
0.662449
0.665212
0.676432
0.695111
0.719113
0.745673
0.772005
0.795812
0.815563
0.830548
0.840791
0.846872
0.849613
0.849903
0.8485
0.845975
0.84257
0.838379
0.833398
0.827796
0.821848
0.815659
0.808965
