Initial cost=,14.586
Generation,BestCost,MeanCost
0,11.3829,16.0613
1,10.4871,15.9867
2,10.0668,15.9179
3,10.9307,15.8311
4,10.1847,15.7662
5,9.92157,15.7189
6,10.1548,15.6622
7,10.3733,15.6007
8,10.6925,15.5599
9,10.6329,15.4996
10,10.5566,15.4588
11,10.744,15.4086
12,10.335,15.3662
13,10.6343,15.3095
14,10.6985,15.263
15,10.4753,15.213
16,9.99657,15.1742
17,10.0931,15.1323
18,10.173,15.0911
19,10.4761,15.0659
20,10.2282,15.037
21,9.47073,15.0064
22,9.60634,14.9639
23,10.0223,14.9391
24,10.3402,14.882
25,9.55574,14.8289
26,9.6706,14.8096
27,9.58544,14.7764
28,9.76631,14.7466
29,9.76006,14.6884
30,10.199,14.652
31,10.0697,14.6173
32,9.78342,14.5607
33,10.0134,14.5148
34,9.18325,14.4652
35,9.12163,14.4246
36,9.61013,14.4051
37,9.3542,14.3439
38,9.04346,14.2977
39,8.83363,14.2738
40,8.98441,14.22
41,8.91374,14.1565
42,8.87867,14.1066
43,8.95395,14.0497
44,8.97338,13.9922
45,9.14699,13.9436
46,9.06253,13.8658
47,8.83895,13.8101
48,9.15102,13.7696
49,9.01992,13.7189
50,9.01336,13.6659
51,8.77869,13.6052
52,8.90146,13.5347
53,8.39229,13.4587
54,8.50674,13.3778
55,8.76116,13.2866
56,8.42129,13.2199
57,8.45983,13.1357
58,8.46092,13.0573
59,8.3975,12.9894
60,8.32283,12.908
61,8.34964,12.8454
62,8.2028,12.772
63,8.17373,12.6957
64,8.18058,12.6067
65,8.30011,12.5208
66,8.19029,12.4496
67,7.87009,12.375
68,7.96637,12.2925
69,7.68643,12.2263
70,7.81252,12.1448
71,7.25003,12.0681
72,7.68548,11.997
73,7.27579,11.9206
74,7.39491,11.8483
75,7.34803,11.7767
76,7.13702,11.7204
77,7.31924,11.6462
78,7.31335,11.5672
79,7.22736,11.4891
80,6.87039,11.3928
81,7.15355,11.3127
82,6.90149,11.2366
83,6.93672,11.1542
84,6.75471,11.0787
85,6.79879,11.0045
86,6.9287,10.9365
87,6.80425,10.8685
88,6.80425,10.8015
89,7.05011,10.745
90,6.87189,10.6673
91,6.65797,10.63
92,6.43123,10.5702
93,6.74324,10.5068
94,6.78008,10.4358
95,6.73455,10.3776
96,6.26516,10.31
97,6.39254,10.2376
98,6.18722,10.1838
99,6.465,10.1222
100,6.13341,10.0529
101,6.11574,9.98138
102,6.372,9.91224
103,6.28363,9.85409
104,6.08947,9.78854
105,6.16,9.73899
106,6.26239,9.69056
107,6.46529,9.64255
108,6.45781,9.58127
109,6.25913,9.52059
110,6.35926,9.47407
111,6.218,9.43007
112,6.16903,9.37543
113,6.19094,9.33791
114,6.06486,9.30071
115,5.78603,9.25718
116,5.78603,9.22564
117,5.9723,9.18935
118,5.93834,9.16218
119,6.17106,9.13191
120,6.09449,9.09721
121,6.09449,9.05855
122,6.28934,9.02031
123,6.09756,8.98339
124,6.07071,8.93869
125,6.12648,8.88679
126,6.00082,8.85405
127,5.976,8.8066
128,6.01227,8.76415
129,6.06045,8.72364
130,6.08291,8.68918
131,5.81849,8.64945
132,6.03836,8.62869
133,5.92961,8.59835
134,5.83606,8.57222
135,5.83964,8.539
136,5.84413,8.49822
137,5.94887,8.46487
138,5.81332,8.43261
139,5.92523,8.38403
140,5.8656,8.3612
141,5.72018,8.34533
142,5.49129,8.31542
143,5.6118,8.27497
144,5.629,8.24281
145,5.65464,8.22184
146,5.54153,8.19615
147,5.51938,8.15145
148,5.51938,8.11114
149,5.51938,8.09176
150,5.51938,8.06972
151,5.54306,8.03078
152,5.58006,8.00136
153,5.62525,7.97929
154,5.46109,7.95954
155,5.65682,7.92674
156,5.53796,7.90072
157,5.58357,7.87143
158,5.60433,7.83166
159,5.56011,7.7992
160,5.49918,7.76645
161,5.46109,7.73785
162,5.5838,7.71926
163,5.46109,7.70035
164,5.43524,7.66844
165,5.51277,7.64381
166,5.48271,7.61812
167,5.43524,7.59252
168,5.44975,7.56393
169,5.44139,7.54478
170,5.44975,7.52694
171,5.26822,7.48847
172,5.33482,7.46296
173,5.37748,7.4443
174,5.33992,7.41719
175,5.32696,7.39388
176,5.26822,7.36054
177,5.29272,7.33584
178,5.26822,7.30867
179,5.33482,7.2793
180,5.26822,7.244
181,5.26822,7.20652
182,5.26822,7.16749
183,5.24825,7.13208
184,5.24825,7.11187
185,5.26822,7.08308
186,5.19103,7.04816
187,5.18593,7.0218
188,5.26822,6.98624
189,5.24825,6.96669
190,5.24315,6.94286
191,5.18953,6.91384
192,5.0549,6.89357
193,5.24315,6.86277
194,5.11581,6.82402
195,5.21917,6.79839
196,5.16342,6.76718
197,5.15591,6.72782
198,5.14542,6.70021
199,5.14031,6.67591
200,5.14031,6.64659
201,5.14031,6.6132
202,5.14031,6.5843
203,5.11581,6.55961
204,5.03384,6.53049
205,5.14031,6.49741
206,4.98474,6.47101
207,4.84879,6.44581
208,4.84879,6.41403
209,4.95505,6.39252
210,4.82939,6.37257
211,5.0334,6.35129
212,5.03214,6.32871
213,5.03214,6.29913
214,5.06327,6.27974
215,4.8539,6.26011
216,4.84879,6.24936
217,4.98481,6.23014
218,5.03401,6.20989
219,4.93901,6.1954
220,4.96954,6.17653
221,5.03841,6.16375
222,5.03401,6.14616
223,5.03401,6.14053
224,4.9339,6.12196
225,4.9339,6.0958
226,4.9339,6.08644
227,4.9339,6.07026
228,4.9339,6.05637
229,4.9339,6.04068
230,4.9339,6.02741
231,4.89691,6.01362
232,4.8918,6.01152
233,4.8673,6.00025
234,4.8673,5.98291
235,4.8673,5.96889
236,4.8673,5.96259
237,4.8724,5.94441
238,4.8724,5.92259
239,4.8724,5.91378
240,4.8673,5.90027
241,4.8673,5.89806
242,4.8724,5.88802
243,4.8724,5.88336
244,4.8724,5.86896
245,4.8673,5.85868
246,4.8673,5.8442
247,4.8724,5.83222
248,4.8673,5.82126
249,4.8673,5.8144
250,4.8673,5.8029
251,4.8673,5.80776
252,4.8673,5.79914
253,4.8673,5.79514
254,4.8724,5.78114
255,4.8724,5.77744
256,4.8724,5.77085
257,4.8673,5.76079
258,4.8673,5.75256
259,4.8673,5.74471
260,4.8673,5.73602
261,4.8673,5.72755
262,4.85984,5.72691
263,4.85984,5.71547
264,4.85984,5.71669
265,4.85984,5.70958
266,4.85984,5.69769
267,4.79015,5.69992
268,4.85984,5.68869
269,4.8306,5.68201
270,4.77163,5.67641
271,4.86336,5.67195
272,4.86336,5.66792
273,4.86336,5.66674
274,4.85438,5.67436
275,4.85438,5.67207
276,4.86336,5.67179
277,4.86336,5.67044
278,4.86336,5.674
279,4.79324,5.66805
280,4.85221,5.66622
281,4.8673,5.66813
282,4.8673,5.66321
283,4.8673,5.65569
284,4.8673,5.6545
285,4.8673,5.65065
286,4.86268,5.65132
287,4.86268,5.64001
288,4.8673,5.63666
289,4.86268,5.64061
290,4.86415,5.63469
291,4.83393,5.63541
292,4.86268,5.63303
293,4.8673,5.63418
294,4.8673,5.62812
295,4.85379,5.62122
296,4.85379,5.6133
297,4.71948,5.60464
298,4.84488,5.59674
299,4.84998,5.60335
300,4.81099,5.6018
301,4.75202,5.60245
302,4.79324,5.60224
303,4.75202,5.60706
304,4.75202,5.59752
305,4.75202,5.59373
306,4.75202,5.58905
307,4.75202,5.58204
308,4.75202,5.58467
309,4.75202,5.58427
310,4.75202,5.5779
311,4.75202,5.57278
312,4.75202,5.5723
313,4.75202,5.56303
314,4.75202,5.55746
315,4.81099,5.55608
316,4.75202,5.54939
317,4.75202,5.53854
318,4.75202,5.53262
319,4.78839,5.53254
320,4.56207,5.52591
321,4.56207,5.52662
322,4.56207,5.53125
323,4.56207,5.52839
324,4.56207,5.52593
325,4.56207,5.51085
326,4.56207,5.50395
327,4.56207,5.49873
328,4.56207,5.49524
329,4.56207,5.49848
330,4.56207,5.49064
331,4.56207,5.49158
332,4.56207,5.4877
333,4.56207,5.48398
334,4.56207,5.47985
335,4.56207,5.47919
336,4.56207,5.47199
337,4.56207,5.46666
338,4.56207,5.45588
339,4.56207,5.44575
340,4.56207,5.43379
341,4.50495,5.42924
342,4.55526,5.42099
343,4.50495,5.42599
344,4.50495,5.42076
345,4.50495,5.42103
346,4.50495,5.41438
347,4.50495,5.41278
348,4.50495,5.41116
349,4.50495,5.40681
350,4.47338,5.3972
351,4.50495,5.39104
352,4.50495,5.38642
353,4.47338,5.38239
354,4.50495,5.37886
355,4.50495,5.36888
356,4.46336,5.36931
357,4.50495,5.36859
358,4.50443,5.36165
359,4.50495,5.35779
360,4.50443,5.35384
361,4.41305,5.34865
362,4.41305,5.3472
363,4.41305,5.34731
364,4.41305,5.345
365,4.46336,5.34731
366,4.41305,5.33314
367,4.41305,5.32433
368,4.4865,5.31557
369,4.43235,5.30582
370,4.41305,5.29855
371,4.41305,5.28762
372,4.41305,5.26754
373,4.43235,5.25858
374,4.41305,5.24592
375,4.41305,5.23513
376,4.41305,5.22834
377,4.41305,5.22434
378,4.41116,5.21252
379,4.41116,5.20971
380,4.41305,5.19916
381,4.41305,5.18964
382,4.41305,5.17689
383,4.41305,5.16953
384,4.41305,5.16385
385,4.41305,5.1513
386,4.41305,5.14226
387,4.41305,5.13256
388,4.41305,5.11948
389,4.41305,5.11197
390,4.39941,5.08901
391,4.34045,5.0886
392,4.39941,5.08339
393,4.41305,5.0777
394,4.41305,5.06889
395,4.41305,5.06233
396,4.41305,5.0514
397,4.41305,5.05174
398,4.41305,5.04301
399,4.41305,5.02981
400,4.41305,5.0242
401,4.41305,5.01789
402,4.41305,5.01505
403,4.41305,5.00378
404,4.41305,4.99935
405,4.41305,4.98869
406,4.41305,4.98118
407,4.35541,4.98211
408,4.39602,4.98031
409,4.41305,4.98254
410,4.41305,4.97795
411,4.41305,4.98168
412,4.37165,4.97532
413,4.41116,4.96653
414,4.39763,4.96046
415,4.39763,4.95389
416,4.41116,4.94811
417,4.41116,4.93672
418,4.41116,4.94356
419,4.39783,4.94731
420,4.39783,4.94704
421,4.39783,4.94451
422,4.39783,4.94094
423,4.39783,4.93343
424,4.39783,4.93152
425,4.39783,4.93552
426,4.39783,4.93473
427,4.39271,4.93318
428,4.39271,4.93249
429,4.39783,4.93039
430,4.39783,4.92454
431,4.39783,4.91739
432,4.39783,4.92109
433,4.39783,4.91333
434,4.39783,4.91466
435,4.39783,4.91414
436,4.39783,4.9114
437,4.39783,4.91425
438,4.39783,4.90833
439,4.39783,4.90583
440,4.39783,4.91311
441,4.37562,4.92184
442,4.39783,4.91996
443,4.39783,4.91479
444,4.35624,4.91564
445,4.39783,4.92137
446,4.39783,4.91893
447,4.39783,4.92539
448,4.39783,4.92736
449,4.39783,4.92349
450,4.41004,4.92909
451,4.33843,4.92779
452,4.27946,4.92745
453,4.33843,4.92554
454,4.39783,4.92847
455,4.37165,4.93219
456,4.39783,4.93176
457,4.39783,4.9386
458,4.39783,4.93598
459,4.39783,4.93924
460,4.39783,4.9375
461,4.39783,4.93909
462,4.39783,4.94482
463,4.39783,4.95017
464,4.39783,4.94325
465,4.33855,4.93635
466,4.33855,4.92975
467,4.39752,4.93455
468,4.33855,4.93843
469,4.33855,4.94356
470,4.33855,4.93723
471,4.33855,4.93551
472,4.33855,4.93398
473,4.33855,4.93465
474,4.33855,4.92921
475,4.33855,4.93441
476,4.33855,4.94116
477,4.33855,4.93914
478,4.33855,4.93993
479,4.31926,4.93004
480,4.31926,4.93033
481,4.33855,4.92525
482,4.33855,4.9236
483,4.33855,4.91961
484,4.33855,4.91436
485,4.33855,4.91259
486,4.33855,4.90705
487,4.33855,4.90876
488,4.33855,4.90737
489,4.33855,4.90636
490,4.33855,4.90214
491,4.33855,4.89717
492,4.33855,4.90028
493,4.33855,4.89884
494,4.33855,4.90365
495,4.324,4.90365
496,4.33855,4.90632
497,4.33855,4.9022
498,4.33855,4.90652
499,4.33855,4.90022
500,4.33855,4.89935
501,4.33855,4.90075
502,4.33855,4.89718
503,4.33855,4.89121
504,4.33855,4.89122
505,4.33855,4.88636
506,4.33855,4.88021
507,4.33855,4.88056
508,4.33855,4.88069
509,4.33855,4.87953
510,4.33855,4.88181
511,4.33855,4.87893
512,4.32719,4.88126
513,4.32719,4.88416
514,4.32719,4.88598
515,4.32719,4.88992
516,4.32719,4.88517
517,4.32719,4.88829
518,4.32719,4.89319
519,4.32719,4.89824
520,4.32719,4.90149
521,4.32719,4.89494
522,4.32719,4.89643
523,4.32719,4.89527
524,4.32719,4.89069
525,4.32719,4.87217
526,4.32719,4.86802
527,4.32719,4.86147
528,4.32719,4.86018
529,4.32719,4.85394
530,4.32719,4.84867
531,4.32719,4.84966
532,4.32719,4.85732
533,4.25925,4.86026
534,4.25925,4.86068
535,4.25925,4.85829
536,4.24665,4.85969
537,4.32719,4.86448
538,4.31926,4.85978
539,4.31528,4.86464
540,4.31926,4.86329
541,4.31926,4.86365
542,4.31926,4.85825
543,4.25459,4.86193
544,4.25459,4.86019
545,4.25459,4.86136
546,4.25459,4.86062
547,4.25459,4.85981
548,4.25459,4.85748
549,4.24665,4.85461
550,4.25459,4.85419
551,4.24665,4.85763
552,4.24665,4.85584
553,4.24665,4.85255
554,4.24665,4.84941
555,4.24665,4.85099
556,4.24665,4.8518
557,4.30562,4.85514
558,4.24665,4.85622
559,4.24665,4.85351
560,4.24665,4.8496
561,4.24665,4.84726
562,4.24665,4.85233
563,4.25925,4.85252
564,4.24665,4.85036
565,4.24665,4.84592
566,4.24665,4.84316
567,4.25925,4.83788
568,4.25925,4.82901
569,4.23996,4.82412
570,4.25925,4.82329
571,4.23996,4.81765
572,4.23996,4.81088
573,4.23529,4.81372
574,4.23529,4.81496
575,4.23529,4.81082
576,4.23529,4.81049
577,4.23529,4.81037
578,4.23529,4.80739
579,4.23529,4.80736
580,4.23529,4.80919
581,4.23529,4.81078
582,4.23529,4.80569
583,4.23529,4.81123
584,4.23529,4.81204
585,4.23529,4.81048
586,4.23529,4.81823
587,4.23529,4.81044
588,4.23529,4.81005
589,4.23529,4.81079
590,4.23529,4.79321
591,4.23529,4.78931
592,4.23529,4.78395
593,4.23529,4.78182
594,4.23529,4.78255
595,4.23529,4.78692
596,4.23529,4.78535
597,4.23529,4.78909
598,4.23529,4.79193
599,4.23529,4.79049
600,4.23529,4.78771
601,4.23529,4.78872
602,4.23529,4.78561
603,4.23529,4.78694
604,4.23529,4.77905
605,4.23529,4.77819
606,4.23529,4.774
607,4.23529,4.76803
608,4.23529,4.76252
609,4.23529,4.76057
610,4.23529,4.75873
611,4.23529,4.75688
612,4.23529,4.75886
613,4.23529,4.75564
614,4.23529,4.74996
615,4.23529,4.74679
616,4.23529,4.74727
617,4.23529,4.74391
618,4.23529,4.75651
619,4.23529,4.75914
620,4.23529,4.75733
621,4.23529,4.75704
622,4.23529,4.76279
623,4.23529,4.75596
624,4.23529,4.75116
625,4.23529,4.74779
626,4.23529,4.7441
627,4.23529,4.7392
628,4.23529,4.74627
629,4.23529,4.74506
630,4.23529,4.74459
631,4.23529,4.7457
632,4.23529,4.75188
633,4.23529,4.74111
634,4.23529,4.73479
635,4.23529,4.73349
636,4.23529,4.72848
637,4.23529,4.72406
638,4.23529,4.72296
639,4.23529,4.71592
640,4.23529,4.7161
641,4.23529,4.72422
642,4.23529,4.72147
643,4.23529,4.72232
644,4.23529,4.72005
645,4.23529,4.71525
646,4.23529,4.71568
647,4.23529,4.71455
648,4.23529,4.71505
649,4.21202,4.71472
650,4.21202,4.71502
651,4.21202,4.71508
652,4.21202,4.71939
653,4.23529,4.7134
654,4.23529,4.71136
655,4.23529,4.70296
656,4.23529,4.70429
657,4.23529,4.70708
658,4.23529,4.70477
659,4.23529,4.71145
660,4.23529,4.71128
661,4.23529,4.71631
662,4.23529,4.71604
663,4.23529,4.70931
664,4.16735,4.71367
665,4.23529,4.70966
666,4.23529,4.70366
667,4.23529,4.69607
668,4.23529,4.69023
669,4.23529,4.68851
670,4.23529,4.69345
671,4.16735,4.68848
672,4.23529,4.68919
673,4.23529,4.68795
674,4.23529,4.69013
675,4.21202,4.69002
676,4.21202,4.68392
677,4.21202,4.68223
678,4.21202,4.68767
679,4.21202,4.68311
680,4.21202,4.69001
681,4.21202,4.69141
682,4.21202,4.69249
683,4.21202,4.68765
684,4.21202,4.68839
685,4.21202,4.68994
686,4.21202,4.69156
687,4.21202,4.68997
688,4.21202,4.6893
689,4.21202,4.69025
690,4.23529,4.68451
691,4.23529,4.69013
692,4.23529,4.68305
693,4.23529,4.6851
694,4.23529,4.68469
695,4.23529,4.68694
696,4.23529,4.6906
697,4.22338,4.69185
698,4.23529,4.69472
699,4.22338,4.69236
700,4.22338,4.69351
701,4.22338,4.69755
702,4.22338,4.70024
703,4.22338,4.70433
704,4.22338,4.70219
705,4.22338,4.70282
706,4.22338,4.69711
707,4.22338,4.69459
708,4.22338,4.69272
709,4.22338,4.68981
710,4.22338,4.68863
711,4.22338,4.68461
712,4.22338,4.68683
713,4.22338,4.67917
714,4.16735,4.67743
715,4.23529,4.68521
716,4.23529,4.68808
717,4.22338,4.69254
718,4.22338,4.68841
719,4.23529,4.6943
720,4.23529,4.69027
721,4.23529,4.69437
722,4.23529,4.68732
723,4.23529,4.68304
724,4.23529,4.67959
725,4.16735,4.67864
726,4.16735,4.67852
727,4.16735,4.67456
728,4.16735,4.67091
729,4.16735,4.67826
730,4.16735,4.67887
731,4.16735,4.67018
732,4.16735,4.66906
733,4.16735,4.66831
734,4.16735,4.66813
735,4.23529,4.6695
736,4.16735,4.66885
737,4.16735,4.66908
738,4.22632,4.67327
739,4.16735,4.66804
740,4.16735,4.66854
741,4.16735,4.6656
742,4.16735,4.65802
743,4.16735,4.65733
744,4.16735,4.65765
745,4.16735,4.65469
746,4.16735,4.65737
747,4.16735,4.65787
748,4.16735,4.64803
749,4.16735,4.64639
750,4.16735,4.64789
751,4.16735,4.64624
752,4.16735,4.64512
753,4.16735,4.64644
754,4.22338,4.64964
755,4.19186,4.65274
756,4.19186,4.64074
757,4.16735,4.64012
758,4.21202,4.64268
759,4.21202,4.64384
760,4.21202,4.64072
761,4.21202,4.63946
762,4.21202,4.64106
763,4.21202,4.6441
764,4.21202,4.64918
765,4.16735,4.64234
766,4.16735,4.64325
767,4.21202,4.64467
768,4.21202,4.64186
769,4.21202,4.6427
770,4.21202,4.64616
771,4.21202,4.64472
772,4.16735,4.64481
773,4.21202,4.64406
774,4.22338,4.64832
775,4.22338,4.65569
776,4.22338,4.65522
777,4.22338,4.6532
778,4.22338,4.65715
779,4.22338,4.65479
780,4.22338,4.65492
781,4.22338,4.65149
782,4.22338,4.65104
783,4.22338,4.64974
784,4.22338,4.64767
785,4.22338,4.64934
786,4.22338,4.64689
787,4.22338,4.64514
788,4.21202,4.64385
789,4.22338,4.63827
790,4.21202,4.64017
791,4.21202,4.64655
792,4.16735,4.64659
793,4.16735,4.63929
794,4.16735,4.63628
795,4.16735,4.63772
796,4.16735,4.63362
797,4.16735,4.62845
798,4.16735,4.63503
799,4.16735,4.63654
800,4.16735,4.63659
801,4.16735,4.6338
802,4.16735,4.62785
803,4.16735,4.63143
804,4.16735,4.63567
805,4.16735,4.64428
806,4.16735,4.64847
807,4.16735,4.63869
808,4.16735,4.63887
809,4.16735,4.63345
810,4.16735,4.62431
811,4.16735,4.62441
812,4.16735,4.62356
813,4.16735,4.62562
814,4.16735,4.62967
815,4.16735,4.6348
816,4.16735,4.63033
817,4.16735,4.63093
818,4.16735,4.63233
819,4.16735,4.63963
820,4.16735,4.64342
821,4.16735,4.64025
822,4.16735,4.63801
823,4.16735,4.62692
824,4.16735,4.62455
825,4.16735,4.61879
826,4.16735,4.619
827,4.16735,4.62045
828,4.16735,4.62903
829,4.16735,4.62613
830,4.1595,4.62398
831,4.16735,4.62176
832,4.16735,4.62557
833,4.16735,4.62846
834,4.16735,4.62246
835,4.16735,4.61671
836,4.16735,4.62072
837,4.16735,4.62007
838,4.16735,4.61749
839,4.16735,4.61883
840,4.16735,4.61553
841,4.16735,4.61209
842,4.16735,4.60325
843,4.16735,4.60424
844,4.16735,4.60445
845,4.16735,4.59983
846,4.16735,4.59772
847,4.16735,4.59679
848,4.16735,4.59787
849,4.16735,4.59649
850,4.16735,4.59294
851,4.16735,4.58996
852,4.16735,4.59735
853,4.16735,4.59147
854,4.16735,4.59495
855,4.16735,4.59009
856,4.16735,4.59461
857,4.16735,4.59772
858,4.16735,4.59843
859,4.16735,4.59571
860,4.16735,4.59272
861,4.16735,4.59282
862,4.16735,4.58497
863,4.16735,4.59363
864,4.16735,4.59206
865,4.16735,4.58525
866,4.16735,4.58776
867,4.16735,4.58728
868,4.16735,4.5899
869,4.16735,4.59014
870,4.1595,4.59534
871,4.1595,4.5964
872,4.1595,4.59342
873,4.1595,4.59698
874,4.1595,4.59665
875,4.1595,4.59554
876,4.1595,4.59366
877,4.1595,4.59316
878,4.16735,4.59209
879,4.16735,4.58782
880,4.1595,4.589
881,4.16735,4.58815
882,4.16735,4.59401
883,4.16735,4.59729
884,4.16735,4.59559
885,4.16735,4.59774
886,4.1595,4.59943
887,4.1595,4.60186
888,4.1595,4.60347
889,4.1595,4.60652
890,4.1595,4.60124
891,4.1595,4.60148
892,4.1595,4.59775
893,4.1595,4.59972
894,4.1595,4.59952
895,4.1595,4.6061
896,4.1595,4.6013
897,4.1595,4.60135
898,4.1595,4.60271
899,4.1595,4.6039
900,4.1595,4.59872
901,4.1595,4.59598
902,4.1595,4.59281
903,4.1595,4.59389
904,4.1595,4.58831
905,4.1595,4.59114
906,4.1595,4.58928
907,4.1595,4.59073
908,4.1595,4.58695
909,4.1595,4.59172
910,4.1595,4.5916
911,4.16735,4.58308
912,4.16735,4.58314
913,4.16735,4.57556
914,4.16735,4.57306
915,4.16735,4.56525
916,4.16735,4.56915
917,4.16735,4.57327
918,4.16735,4.57936
919,4.16735,4.5723
920,4.16735,4.58018
921,4.16735,4.5825
922,4.16735,4.57643
923,4.16735,4.57222
924,4.16735,4.58243
925,4.16735,4.58066
926,4.16735,4.57627
927,4.16735,4.5745
928,4.16735,4.57717
929,4.16735,4.57551
930,4.16735,4.57397
931,4.16735,4.57638
932,4.16735,4.56943
933,4.16735,4.57149
934,4.16735,4.57683
935,4.16735,4.58324
936,4.16735,4.58018
937,4.16735,4.57765
938,4.16735,4.57617
939,4.16735,4.58114
940,4.16735,4.57896
941,4.16735,4.57507
942,4.16735,4.5722
943,4.16735,4.57061
944,4.16735,4.57279
945,4.16735,4.5731
946,4.16735,4.57344
947,4.16735,4.5713
948,4.16735,4.57122
949,4.16735,4.57238
950,4.16735,4.57014
951,4.16735,4.57319
952,4.16735,4.57928
953,4.16735,4.58735
954,4.16735,4.59248
955,4.16735,4.58765
956,4.16735,4.59006
957,4.16735,4.59215
958,4.16735,4.59082
959,4.16735,4.58683
960,4.16735,4.58019
961,4.16735,4.57644
962,4.16735,4.57504
963,4.16735,4.57561
964,4.16735,4.57496
965,4.16735,4.5763
966,4.16735,4.5765
967,4.16735,4.57729
968,4.16735,4.57287
969,4.16735,4.57286
970,4.1595,4.56993
971,4.16735,4.56914
972,4.16735,4.57138
973,4.16735,4.57015
974,4.16735,4.56892
975,4.16735,4.56616
976,4.16735,4.56197
977,4.16735,4.56462
978,4.16735,4.5583
979,4.16735,4.56252
980,4.16735,4.56392
981,4.16735,4.56051
982,4.16735,4.55903
983,4.16735,4.5607
984,4.16735,4.55954
985,4.16735,4.55797
986,4.16735,4.55664
987,4.16735,4.55823
988,4.16735,4.5622
989,4.16735,4.56106
990,4.1595,4.56394
991,4.16735,4.56156
992,4.16735,4.55346
993,4.16735,4.55576
994,4.16735,4.54919
995,4.16735,4.54592
996,4.16735,4.55346
997,4.16735,4.55661
998,4.16735,4.55821
999,4.16735,4.5587
