Optimal cost=,6.28319
Generation,BestCost,MeanCost
0,27.0664,48.3858
1,28.5864,47.8866
2,27.8591,47.4793
3,28.0896,46.9922
4,27.9127,46.578
5,27.1927,46.2826
6,27.5727,45.946
7,28.0559,45.5826
8,26.3727,45.3665
9,26.2791,45.0528
10,26.2791,44.8104
11,27.2391,44.5385
12,25.5959,44.2785
13,23.5264,44.0219
14,25.5959,43.7842
15,24.1096,43.5369
16,24.7296,43.2878
17,24.7896,43.0738
18,24.3327,42.7874
19,22.7559,42.5627
20,23.4096,42.3446
21,23.9391,42.1127
22,23.6327,41.8148
23,24.1327,41.5555
24,23.6127,41.2199
25,23.4727,40.8316
26,21.8864,40.5618
27,21.5359,40.2057
28,21.9759,39.8913
29,21.3359,39.4625
30,21.2559,39.1031
31,21.9991,38.7649
32,20.8527,38.3642
33,20.3959,37.9541
34,20.3959,37.5399
35,20.3959,37.1668
36,21.6423,36.8512
37,20.3023,36.4003
38,20.7927,35.9914
39,19.7864,35.6129
40,20.5927,35.2131
41,19.7296,34.7587
42,18.7696,34.3612
43,19.1159,33.9159
44,19.1064,33.4813
45,18.5264,33.1269
46,18.1559,32.6813
47,18.1559,32.2663
48,17.8559,31.9234
49,18.0296,31.5537
50,17.4927,31.1569
51,16.5496,30.7605
52,16.5127,30.3191
53,16.5127,29.9305
54,16.2727,29.5022
55,16.7127,29.0497
56,16.2727,28.6778
57,16.1327,28.313
58,16.1664,27.9786
59,16.2727,27.6838
60,16.3127,27.3442
61,15.3527,27.0824
62,15.3527,26.7688
63,14.8264,26.4725
64,15.5064,26.1436
65,15.5064,25.842
66,14.9264,25.569
67,15.2664,25.3166
68,15.3064,25.0402
69,15.3064,24.819
70,15.1264,24.5666
71,13.1432,24.3203
72,12.5232,24.1005
73,14.0296,23.8488
74,13.7496,23.6241
75,13.9896,23.4247
76,13.9896,23.2654
77,14.3864,23.0488
78,13.9896,22.8572
79,14.1896,22.6364
80,12.8632,22.3904
81,14.0296,22.1771
82,12.8832,21.9669
83,13.0032,21.7188
84,13.5296,21.4951
85,13.5864,21.2674
86,13.3096,21.0595
87,13.5864,20.8621
88,13.5664,20.6746
89,12.5432,20.4941
90,13.0032,20.2572
91,13.5264,20.1212
92,12.6032,19.9387
93,12.6032,19.7561
94,12.7432,19.5724
95,13.0064,19.4088
96,12.9696,19.2195
97,13.1464,19.0403
98,13.2664,18.9009
99,12.9064,18.7446
100,13.0464,18.5722
101,13.0464,18.3974
102,12.4632,18.2603
103,11.7832,18.1515
104,12.1096,18.0236
105,12.1632,17.9209
106,12.0896,17.8207
107,11.8632,17.7189
108,11.9496,17.5963
109,12.1096,17.476
110,12.4496,17.3911
111,11.9896,17.3161
112,12.1296,17.2108
113,12.2496,17.1416
114,12.2096,17.0647
115,12.2496,16.997
116,11.8232,16.9398
117,11.9632,16.8864
118,12.0232,16.8102
119,11.7232,16.7523
120,11.4432,16.6779
121,11.4432,16.5747
122,11.2496,16.4725
123,10.9096,16.3768
124,10.7696,16.2676
125,10.6032,16.1613
126,10.6296,16.0915
127,10.7696,15.9799
128,10.7696,15.8857
129,10.6296,15.7817
130,10.7696,15.682
131,10.7696,15.6
132,10.7696,15.5333
133,10.6296,15.4765
134,10.2096,15.409
135,10.2096,15.3216
136,10.4896,15.2262
137,10.2096,15.1262
138,10.0896,15.0232
139,10.0896,14.8938
140,9.94956,14.823
141,9.94956,14.7596
142,9.94956,14.6593
143,9.94956,14.5454
144,9.94956,14.4425
145,9.94956,14.3582
146,9.94956,14.2647
147,9.32319,14.1375
148,9.62319,14.0142
149,9.34319,13.9251
150,9.62319,13.8363
151,9.62319,13.7212
152,9.48956,13.6111
153,9.52956,13.5242
154,9.62319,13.4418
155,9.62319,13.3372
156,9.94956,13.2223
157,9.26319,13.112
158,9.26319,12.9761
159,9.26319,12.8605
160,9.26319,12.7499
161,9.00319,12.6595
162,9.52956,12.5718
163,9.36956,12.5044
164,9.26319,12.4284
165,9.26319,12.358
166,9.24319,12.3
167,9.00319,12.2147
168,8.72319,12.1497
169,8.72319,12.0969
170,9.00319,12.0475
171,9.00319,11.9806
172,9.00319,11.9257
173,9.00319,11.8955
174,9.00319,11.8637
175,9.00319,11.8275
176,9.00319,11.7881
177,9.00319,11.7572
178,8.76319,11.723
179,8.76319,11.6889
180,8.76319,11.6524
181,8.76319,11.6023
182,9.00319,11.5588
183,9.00319,11.5202
184,8.76319,11.5101
185,9.00319,11.4867
186,9.00319,11.4496
187,9.00319,11.436
188,9.00319,11.4022
189,8.76319,11.4071
190,8.76319,11.3898
191,8.76319,11.3711
192,8.76319,11.3701
193,8.92319,11.3468
194,8.92319,11.2983
195,8.80319,11.2812
196,9.00319,11.254
197,9.00319,11.2213
198,9.00319,11.1889
199,8.58319,11.1862
200,8.56319,11.1683
201,8.56319,11.1447
202,8.56319,11.1286
203,8.56319,11.1151
204,8.56319,11.1036
205,8.56319,11.073
206,8.56319,11.0519
207,8.44319,11.0346
208,8.44319,10.9984
209,8.56319,10.9806
210,8.56319,10.9538
211,8.56319,10.9307
212,8.56319,10.9051
213,8.56319,10.8608
214,8.32319,10.8396
215,8.56319,10.8306
216,8.42319,10.8325
217,8.42319,10.8029
218,8.42319,10.7645
219,8.42319,10.7436
220,8.42319,10.7207
221,8.32319,10.7059
222,8.32319,10.6769
223,8.32319,10.6758
224,8.32319,10.6507
225,8.32319,10.5963
226,8.32319,10.5937
227,8.32319,10.5587
228,8.32319,10.5301
229,8.32319,10.4923
230,8.32319,10.4629
231,8.14319,10.436
232,8.14319,10.421
233,8.14319,10.3891
234,8.14319,10.3625
235,8.14319,10.3451
236,8.14319,10.3339
237,8.14319,10.2939
238,8.30319,10.2484
239,7.98319,10.236
240,7.98319,10.1959
241,7.98319,10.1933
242,8.28319,10.1765
243,8.28319,10.1652
244,8.14319,10.1392
245,8.14319,10.1149
246,8.14319,10.0765
247,8.18319,10.0413
248,7.98319,10.0163
249,7.98319,10.0024
250,7.98319,9.9694
251,7.98319,9.97687
252,7.98319,9.95931
253,7.70319,9.94725
254,7.70319,9.90843
255,7.98319,9.89473
256,8.18319,9.87933
257,8.18319,9.85016
258,8.18319,9.82638
259,8.18319,9.80372
260,8.14319,9.78444
261,8.14319,9.76438
262,8.10319,9.75979
263,7.96319,9.73956
264,7.96319,9.73772
265,7.96319,9.71403
266,7.96319,9.68812
267,7.98319,9.68202
268,7.98319,9.65541
269,7.98319,9.63617
270,7.98319,9.61004
271,8.00319,9.59945
272,8.00319,9.58693
273,8.00319,9.57752
274,8.00319,9.58496
275,7.96319,9.56797
276,8.00319,9.55276
277,8.00319,9.54708
278,7.90319,9.54758
279,7.70319,9.52239
280,7.90319,9.50998
281,7.98319,9.51073
282,7.70319,9.49267
283,7.74319,9.4725
284,7.70319,9.46721
285,7.70319,9.46114
286,7.70319,9.45272
287,7.56319,9.42316
288,7.56319,9.41907
289,7.70319,9.42283
290,7.70319,9.39932
291,7.70319,9.40365
292,7.70319,9.38999
293,7.58319,9.39251
294,7.58319,9.37562
295,7.58319,9.35252
296,7.58319,9.33046
297,7.58319,9.30883
298,7.56319,9.30005
299,7.56319,9.31904
300,7.46319,9.31522
301,7.58319,9.31257
302,7.70319,9.31315
303,7.58319,9.31805
304,7.58319,9.28136
305,7.56319,9.27076
306,7.56319,9.25649
307,7.42319,9.2382
308,7.42319,9.2361
309,7.28319,9.22714
310,7.28319,9.21727
311,7.28319,9.2161
312,7.42319,9.21236
313,7.42319,9.19714
314,7.42319,9.1927
315,7.42319,9.18443
316,7.52319,9.16233
317,7.42319,9.12701
318,7.42319,9.10595
319,7.42319,9.10777
320,7.42319,9.09527
321,7.42319,9.10386
322,7.42319,9.11546
323,7.42319,9.09725
324,7.42319,9.09134
325,7.28319,9.04119
326,7.28319,9.02157
327,7.28319,9.00625
328,7.28319,9.00571
329,7.28319,9.01018
330,7.28319,8.99471
331,7.28319,8.99229
332,7.28319,8.977
333,7.28319,8.96044
334,7.28319,8.93211
335,7.28319,8.92261
336,7.28319,8.91586
337,7.28319,8.89959
338,7.28319,8.87032
339,7.28319,8.85434
340,7.14319,8.8309
341,7.22319,8.82782
342,7.28319,8.81595
343,7.28319,8.81837
344,7.22319,8.80302
345,7.22319,8.79644
346,7.22319,8.77309
347,7.28319,8.75965
348,7.22319,8.75388
349,7.00319,8.75007
350,7.14319,8.72727
351,7.22319,8.70332
352,7.22319,8.68426
353,7.00319,8.65972
354,7.18319,8.63951
355,7.18319,8.60991
356,7.18319,8.61353
357,7.14319,8.60876
358,7.16319,8.59022
359,7.16319,8.57672
360,7.00319,8.57042
361,7.00319,8.55799
362,7.00319,8.54964
363,7.00319,8.5514
364,7.00319,8.53368
365,7.00319,8.5377
366,7.00319,8.51028
367,7.00319,8.49068
368,7.16319,8.48276
369,7.08319,8.46725
370,7.16319,8.44809
371,7.14319,8.42714
372,7.00319,8.38803
373,6.98319,8.38356
374,7.00319,8.36822
375,7.00319,8.36164
376,7.00319,8.35549
377,7.00319,8.35401
378,7.00319,8.34461
379,7.00319,8.3474
380,7.00319,8.33678
381,7.00319,8.32195
382,7.00319,8.3022
383,7.00319,8.31001
384,7.00319,8.32044
385,7.00319,8.30388
386,7.00319,8.29101
387,7.00319,8.27686
388,7.00319,8.26218
389,7.00319,8.26163
390,6.98319,8.22258
391,6.90319,8.24137
392,6.90319,8.24902
393,7.00319,8.23836
394,7.00319,8.22498
395,7.00319,8.23345
396,7.00319,8.21548
397,7.00319,8.21698
398,6.90319,8.19886
399,6.90319,8.17693
400,6.90319,8.17475
401,6.90319,8.16685
402,6.90319,8.17021
403,6.90319,8.14827
404,7.00319,8.13772
405,6.90319,8.10803
406,6.90319,8.10332
407,6.90319,8.11312
408,7.00319,8.11371
409,7.00319,8.12474
410,7.00319,8.11108
411,7.00319,8.11338
412,7.00319,8.09861
413,7.00319,8.08569
414,6.72319,8.0734
415,6.72319,8.06125
416,7.00319,8.05201
417,6.76319,8.02503
418,6.76319,8.0504
419,6.76319,8.05261
420,6.76319,8.04954
421,6.76319,8.04523
422,6.76319,8.0352
423,6.76319,8.01053
424,6.76319,8.0077
425,6.76319,8.02004
426,6.76319,8.01889
427,6.76319,8.01722
428,6.76319,8.01901
429,6.76319,8.01384
430,6.76319,7.99761
431,6.76319,7.9762
432,6.76319,7.99054
433,6.76319,7.98282
434,6.76319,7.9934
435,6.72319,7.99145
436,6.72319,7.9784
437,6.72319,7.97673
438,6.76319,7.95516
439,6.76319,7.94484
440,6.76319,7.95983
441,6.76319,7.97508
442,6.76319,7.95971
443,6.76319,7.94202
444,6.76319,7.94417
445,6.76319,7.95428
446,6.76319,7.9472
447,6.76319,7.96067
448,6.76319,7.95932
449,6.76319,7.93553
450,6.76319,7.93586
451,6.76319,7.92521
452,6.76319,7.91082
453,6.76319,7.90656
454,6.76319,7.90857
455,6.76319,7.91558
456,6.76319,7.9034
457,6.76319,7.91516
458,6.76319,7.90449
459,6.76319,7.91081
460,6.76319,7.90045
461,6.76319,7.89878
462,6.76319,7.90491
463,6.76319,7.90922
464,6.76319,7.88011
465,6.76319,7.84836
466,6.76319,7.82513
467,6.48319,7.84231
468,6.48319,7.84629
469,6.48319,7.86109
470,6.48319,7.83612
471,6.48319,7.83687
472,6.48319,7.82905
473,6.48319,7.81548
474,6.48319,7.79733
475,6.48319,7.80518
476,6.48319,7.81872
477,6.48319,7.802
478,6.48319,7.8001
479,6.48319,7.77826
480,6.48319,7.78441
481,6.48319,7.76887
482,6.48319,7.75667
483,6.48319,7.7449
484,6.48319,7.73467
485,6.48319,7.72276
486,6.48319,7.70756
487,6.48319,7.70799
488,6.48319,7.69581
489,6.48319,7.69364
490,6.48319,7.67839
491,6.48319,7.66836
492,6.48319,7.68037
493,6.48319,7.67567
494,6.48319,7.68139
495,6.48319,7.67469
496,6.48319,7.67824
497,6.48319,7.65642
498,6.48319,7.6585
499,6.48319,7.63776
500,6.48319,7.63148
501,6.48319,7.6266
502,6.48319,7.60303
503,6.48319,7.58333
504,6.48319,7.58834
505,6.48319,7.5744
506,6.48319,7.55345
507,6.48319,7.54094
508,6.42319,7.54068
509,6.42319,7.53967
510,6.28319,7.53183
511,6.28319,7.51611
512,6.28319,7.51393
513,6.28319,7.51701
514,6.28319,7.5129
515,6.28319,7.5156
516,6.48319,7.50043
517,6.48319,7.49249
518,6.48319,7.49463
519,6.28319,7.49133
520,6.28319,7.49089
521,6.28319,7.46212
522,6.28319,7.46054
523,6.28319,7.4452
524,6.28319,7.42
525,6.28319,7.36496
526,6.28319,7.35095
527,6.28319,7.33459
528,6.28319,7.33376
529,6.28319,7.31904
530,6.28319,7.30992
531,6.28319,7.31564
532,6.28319,7.3339
533,6.28319,7.34556
534,6.28319,7.33151
535,6.28319,7.31651
536,6.28319,7.30919
537,6.28319,7.32385
538,6.28319,7.31252
539,6.28319,7.32299
540,6.28319,7.31539
541,6.28319,7.3141
542,6.28319,7.29483
543,6.28319,7.31055
544,6.28319,7.29948
545,6.28319,7.30453
546,6.28319,7.30389
547,6.28319,7.30077
548,6.28319,7.28599
549,6.28319,7.27097
550,6.28319,7.265
551,6.28319,7.26467
552,6.28319,7.2627
553,6.28319,7.25592
554,6.28319,7.24618
555,6.28319,7.24362
556,6.28319,7.24333
557,6.28319,7.24992
558,6.28319,7.24458
559,6.28319,7.24249
560,6.28319,7.23454
561,6.28319,7.22129
562,6.28319,7.22734
563,6.28319,7.23005
564,6.28319,7.23341
565,6.28319,7.21875
566,6.28319,7.21279
567,6.28319,7.20288
568,6.28319,7.19141
569,6.28319,7.18611
570,6.28319,7.18836
571,6.28319,7.17813
572,6.28319,7.16507
573,6.28319,7.1626
574,6.28319,7.16559
575,6.28319,7.14811
576,6.28319,7.14154
577,6.28319,7.13714
578,6.28319,7.13429
579,6.28319,7.13509
580,6.28319,7.14947
581,6.28319,7.15092
582,6.28319,7.13383
583,6.28319,7.15027
584,6.28319,7.1496
585,6.28319,7.14034
586,6.28319,7.15573
587,6.28319,7.14476
588,6.28319,7.15292
589,6.28319,7.15057
590,6.28319,7.12099
591,6.28319,7.11485
592,6.28319,7.10348
593,6.28319,7.11184
594,6.28319,7.1165
595,6.28319,7.11162
596,6.28319,7.10902
597,6.28319,7.11332
598,6.28319,7.10627
599,6.28319,7.09682
600,6.28319,7.08719
601,6.28319,7.09192
602,6.28319,7.08857
603,6.28319,7.09246
604,6.28319,7.08326
605,6.28319,7.08574
606,6.28319,7.08798
607,6.28319,7.07259
608,6.28319,7.0688
609,6.28319,7.06558
610,6.28319,7.0656
611,6.28319,7.07242
612,6.28319,7.07465
613,6.28319,7.06421
614,6.28319,7.05375
615,6.28319,7.04665
616,6.28319,7.04871
617,6.28319,7.03045
618,6.28319,7.05377
619,6.28319,7.04608
620,6.28319,7.04137
621,6.28319,7.02962
622,6.28319,7.03925
623,6.28319,7.02296
624,6.28319,7.00515
625,6.28319,6.98905
626,6.28319,6.98843
627,6.28319,6.98178
628,6.28319,7.00317
629,6.28319,6.99989
630,6.28319,7.00336
631,6.28319,6.99592
632,6.28319,7.01879
633,6.28319,7.00083
634,6.28319,6.98571
635,6.28319,6.98177
636,6.28319,6.97084
637,6.28319,6.96482
638,6.28319,6.96576
639,6.28319,6.95366
640,6.28319,6.96208
641,6.28319,6.98125
642,6.28319,6.97263
643,6.28319,6.97976
644,6.28319,6.97031
645,6.28319,6.96186
646,6.28319,6.96291
647,6.28319,6.95627
648,6.28319,6.96595
649,6.28319,6.96466
650,6.28319,6.96456
651,6.28319,6.96697
652,6.28319,6.97794
653,6.28319,6.95861
654,6.28319,6.95479
655,6.28319,6.9373
656,6.28319,6.93905
657,6.28319,6.95318
658,6.28319,6.94874
659,6.28319,6.96
660,6.28319,6.95706
661,6.28319,6.96029
662,6.28319,6.96246
663,6.28319,6.95192
664,6.28319,6.95873
665,6.28319,6.95025
666,6.28319,6.93317
667,6.28319,6.91118
668,6.28319,6.89932
669,6.28319,6.9008
670,6.28319,6.91563
671,6.28319,6.90315
672,6.28319,6.90015
673,6.28319,6.89553
674,6.28319,6.89681
675,6.28319,6.89942
676,6.28319,6.89617
677,6.28319,6.8913
678,6.28319,6.8997
679,6.28319,6.88531
680,6.28319,6.89827
681,6.28319,6.90024
682,6.28319,6.89113
683,6.28319,6.87537
684,6.28319,6.88543
685,6.28319,6.88066
686,6.28319,6.8852
687,6.28319,6.87257
688,6.28319,6.88439
689,6.28319,6.88196
690,6.28319,6.86521
691,6.28319,6.87542
692,6.28319,6.85759
693,6.28319,6.87217
694,6.28319,6.8662
695,6.28319,6.86576
696,6.28319,6.87639
697,6.28319,6.87881
698,6.28319,6.88094
699,6.28319,6.87962
700,6.28319,6.87778
701,6.28319,6.87346
702,6.28319,6.87452
703,6.28319,6.86544
704,6.28319,6.84938
705,6.28319,6.85747
706,6.28319,6.84452
707,6.28319,6.85037
708,6.28319,6.84687
709,6.28319,6.83511
710,6.28319,6.83345
711,6.28319,6.82827
712,6.28319,6.83437
713,6.28319,6.81907
714,6.28319,6.80645
715,6.28319,6.83263
716,6.28319,6.84157
717,6.28319,6.84555
718,6.28319,6.82825
719,6.28319,6.84116
720,6.28319,6.8315
721,6.28319,6.84935
722,6.28319,6.82776
723,6.28319,6.81791
724,6.28319,6.81497
725,6.28319,6.81278
726,6.28319,6.81409
727,6.28319,6.80633
728,6.28319,6.79593
729,6.28319,6.8164
730,6.28319,6.8244
731,6.28319,6.80873
732,6.28319,6.81295
733,6.28319,6.81494
734,6.28319,6.81987
735,6.28319,6.82534
736,6.28319,6.82844
737,6.28319,6.8324
738,6.28319,6.83934
739,6.28319,6.83692
740,6.28319,6.83932
741,6.28319,6.83588
742,6.28319,6.81982
743,6.28319,6.82087
744,6.28319,6.81997
745,6.28319,6.81948
746,6.28319,6.8339
747,6.28319,6.84021
748,6.28319,6.80978
749,6.28319,6.80917
750,6.28319,6.81375
751,6.28319,6.80879
752,6.28319,6.81225
753,6.28319,6.82011
754,6.28319,6.82898
755,6.28319,6.83639
756,6.28319,6.81218
757,6.28319,6.80981
758,6.28319,6.82476
759,6.28319,6.82638
760,6.28319,6.82921
761,6.28319,6.82648
762,6.28319,6.83331
763,6.28319,6.83711
764,6.28319,6.84317
765,6.28319,6.83122
766,6.28319,6.82726
767,6.28319,6.82988
768,6.28319,6.82699
769,6.28319,6.82108
770,6.28319,6.81344
771,6.28319,6.80696
772,6.28319,6.81223
773,6.28319,6.81025
774,6.28319,6.8199
775,6.28319,6.83332
776,6.28319,6.8247
777,6.28319,6.821
778,6.28319,6.82884
779,6.28319,6.82641
780,6.28319,6.82851
781,6.28319,6.81252
782,6.28319,6.81519
783,6.28319,6.79252
784,6.28319,6.79607
785,6.28319,6.81234
786,6.28319,6.80171
787,6.28319,6.80072
788,6.28319,6.81261
789,6.28319,6.79744
790,6.28319,6.80097
791,6.28319,6.82184
792,6.28319,6.81867
793,6.28319,6.79044
794,6.28319,6.77817
795,6.28319,6.78228
796,6.28319,6.7796
797,6.28319,6.76551
798,6.28319,6.79306
799,6.28319,6.79868
800,6.28319,6.78097
801,6.28319,6.77679
802,6.28319,6.75588
803,6.28319,6.76745
804,6.28319,6.79071
805,6.28319,6.81237
806,6.28319,6.82202
807,6.28319,6.78761
808,6.28319,6.78961
809,6.28319,6.77602
810,6.28319,6.76993
811,6.28319,6.77488
812,6.28319,6.77141
813,6.28319,6.79186
814,6.28319,6.80329
815,6.28319,6.81364
816,6.28319,6.79358
817,6.28319,6.79622
818,6.28319,6.80927
819,6.28319,6.82684
820,6.28319,6.83182
821,6.28319,6.82162
822,6.28319,6.8137
823,6.28319,6.79546
824,6.28319,6.79081
825,6.28319,6.7894
826,6.28319,6.79305
827,6.28319,6.80954
828,6.28319,6.82972
829,6.28319,6.81331
830,6.28319,6.80092
831,6.28319,6.80257
832,6.28319,6.80568
833,6.28319,6.82162
834,6.28319,6.8174
835,6.28319,6.80577
836,6.28319,6.81244
837,6.28319,6.80763
838,6.28319,6.80216
839,6.28319,6.81075
840,6.28319,6.80888
841,6.28319,6.80871
842,6.28319,6.79018
843,6.28319,6.80125
844,6.28319,6.80108
845,6.28319,6.7931
846,6.28319,6.79143
847,6.28319,6.79638
848,6.28319,6.79325
849,6.28319,6.79764
850,6.28319,6.79758
851,6.28319,6.79699
852,6.28319,6.81662
853,6.28319,6.79805
854,6.28319,6.80737
855,6.28319,6.80164
856,6.28319,6.79953
857,6.28319,6.80721
858,6.28319,6.8071
859,6.28319,6.79804
860,6.28319,6.79607
861,6.28319,6.79679
862,6.28319,6.76811
863,6.28319,6.79098
864,6.28319,6.78543
865,6.28319,6.77044
866,6.28319,6.78432
867,6.28319,6.77979
868,6.28319,6.78253
869,6.28319,6.78609
870,6.28319,6.801
871,6.28319,6.79963
872,6.28319,6.79616
873,6.28319,6.80628
874,6.28319,6.80245
875,6.28319,6.78314
876,6.28319,6.77963
877,6.28319,6.78182
878,6.28319,6.77953
879,6.28319,6.76213
880,6.28319,6.77331
881,6.28319,6.77396
882,6.28319,6.78455
883,6.28319,6.79343
884,6.28319,6.78941
885,6.28319,6.78953
886,6.28319,6.78768
887,6.28319,6.7929
888,6.28319,6.79261
889,6.28319,6.79222
890,6.28319,6.78836
891,6.28319,6.78474
892,6.28319,6.77511
893,6.28319,6.78948
894,6.28319,6.78945
895,6.28319,6.81272
896,6.28319,6.80371
897,6.28319,6.80276
898,6.28319,6.79906
899,6.28319,6.79637
900,6.28319,6.77999
901,6.28319,6.77034
902,6.28319,6.75751
903,6.28319,6.77469
904,6.28319,6.77448
905,6.28319,6.78817
906,6.28319,6.7915
907,6.28319,6.79425
908,6.28319,6.78656
909,6.28319,6.80687
910,6.28319,6.80272
911,6.28319,6.785
912,6.28319,6.79134
913,6.28319,6.77773
914,6.28319,6.771
915,6.28319,6.74355
916,6.28319,6.76238
917,6.28319,6.77335
918,6.28319,6.79258
919,6.28319,6.76866
920,6.28319,6.79525
921,6.28319,6.79682
922,6.28319,6.78512
923,6.28319,6.77651
924,6.28319,6.81202
925,6.28319,6.80051
926,6.28319,6.78085
927,6.28319,6.7786
928,6.28319,6.78521
929,6.28319,6.78282
930,6.28319,6.78138
931,6.28319,6.79552
932,6.28319,6.78095
933,6.28319,6.78723
934,6.28319,6.80166
935,6.28319,6.81348
936,6.28319,6.80244
937,6.28319,6.79938
938,6.28319,6.79872
939,6.28319,6.80824
940,6.28319,6.80128
941,6.28319,6.79341
942,6.28319,6.7905
943,6.28319,6.78489
944,6.28319,6.78385
945,6.28319,6.78348
946,6.28319,6.7784
947,6.28319,6.77634
948,6.28319,6.78873
949,6.28319,6.78734
950,6.28319,6.78024
951,6.28319,6.79278
952,6.28319,6.80324
953,6.28319,6.83066
954,6.28319,6.83364
955,6.28319,6.81063
956,6.28319,6.81258
957,6.28319,6.81297
958,6.28319,6.81543
959,6.28319,6.81014
960,6.28319,6.79486
961,6.28319,6.78753
962,6.28319,6.79392
963,6.28319,6.80021
964,6.28319,6.8044
965,6.28319,6.80722
966,6.28319,6.81435
967,6.28319,6.81106
968,6.28319,6.81193
969,6.28319,6.81684
970,6.28319,6.82137
971,6.28319,6.81916
972,6.28319,6.83168
973,6.28319,6.82908
974,6.28319,6.82075
975,6.28319,6.81227
976,6.28319,6.80515
977,6.28319,6.80875
978,6.28319,6.79153
979,6.28319,6.80533
980,6.28319,6.80337
981,6.28319,6.79977
982,6.28319,6.81009
983,6.28319,6.82078
984,6.28319,6.80916
985,6.28319,6.79494
986,6.28319,6.79588
987,6.28319,6.80388
988,6.28319,6.81601
989,6.28319,6.80922
990,6.28319,6.81722
991,6.28319,6.80583
992,6.28319,6.78826
993,6.28319,6.79046
994,6.28319,6.77906
995,6.28319,6.77341
996,6.28319,6.78803
997,6.28319,6.79219
998,6.28319,6.79532
999,6.28319,6.80167
