           1   -0.462752   -0.462752           0
           2   -0.463375   -0.463064 0.000220131
           3   -0.463592    -0.46324  0.00020546
           4   -0.463602    -0.46333 0.000172891
           5   -0.462987   -0.463261 0.000151342
           6   -0.462038   -0.463058   0.0002249
           7   -0.463091   -0.463062 0.000192821
           8   -0.463489   -0.463116 0.000175951
           9   -0.463722   -0.463183 0.000168797
          10   -0.462249    -0.46309 0.000175877
          11   -0.463215   -0.463101 0.000160258
          12   -0.463001   -0.463093 0.000147121
          13   -0.462337   -0.463034  0.00014684
          14   -0.463553   -0.463071 0.000140939
          15    -0.46326   -0.463084 0.000132104
          16   -0.463771   -0.463127 0.000130632
          17   -0.462805   -0.463108  0.00012431
          18   -0.462461   -0.463072  0.00012249
          19   -0.462673   -0.463051 0.000117827
          20   -0.462063   -0.463002 0.000121855
          21    -0.46268   -0.462986  0.00011701
          22   -0.463344   -0.463003 0.000112812
          23   -0.462653   -0.462987 0.000108927
          24   -0.463253   -0.462999 0.000104949
          25   -0.463087   -0.463002  0.00010081
          26   -0.462856   -0.462996  9.7089e-05
          27   -0.463683   -0.463022 9.67695e-05
          28   -0.462174   -0.462992 9.79381e-05
          29   -0.463051   -0.462994 9.45823e-05
          30   -0.462375   -0.462973 9.36472e-05
          31    -0.46317   -0.462979 9.08417e-05
          32   -0.462164   -0.462954 9.15087e-05
          33   -0.462526   -0.462941 8.96497e-05
          34   -0.462937   -0.462941  8.7013e-05
          35   -0.463335   -0.462952  8.5254e-05
          36   -0.462385   -0.462936 8.43292e-05
          37   -0.463262   -0.462945 8.25092e-05
          38   -0.462629   -0.462937 8.07566e-05
          39   -0.463466    -0.46295 7.98199e-05
          40   -0.461853   -0.462923 8.24025e-05
          41   -0.463046   -0.462926 8.04476e-05
          42   -0.463232   -0.462933 7.88617e-05
          43   -0.463517   -0.462947 7.81861e-05
          44   -0.463024   -0.462949 7.64289e-05
          45   -0.462057   -0.462929 7.72578e-05
          46     -0.4625   -0.462919 7.61373e-05
          47   -0.462713   -0.462915 7.46437e-05
          48   -0.462807   -0.462913 7.31228e-05
          49   -0.463139   -0.462917 7.17761e-05
          50   -0.462982   -0.462919 7.03523e-05
          51   -0.463208   -0.462924  6.9201e-05
          52   -0.463769   -0.462941 6.97509e-05
          53   -0.462989   -0.462942 6.84409e-05
          54   -0.463254   -0.462947 6.74181e-05
          55   -0.463492   -0.462957 6.69156e-05
          56   -0.462741   -0.462953 6.58317e-05
          57    -0.46274    -0.46295 6.47836e-05
          58   -0.464106    -0.46297 6.66629e-05
          59   -0.462952   -0.462969 6.55336e-05
          60   -0.463343   -0.462975 6.47361e-05
          61   -0.463006   -0.462976 6.36769e-05
          62   -0.464086   -0.462994 6.51161e-05
          63   -0.463196   -0.462997 6.41617e-05
          64   -0.463311   -0.463002 6.33462e-05
          65   -0.462394   -0.462993 6.30581e-05
          66   -0.462328   -0.462983  6.2901e-05
          67   -0.462445   -0.462975  6.2471e-05
          68   -0.462557   -0.462968 6.18537e-05
          69   -0.463073    -0.46297 6.09758e-05
          70     -0.4626   -0.462965 6.03336e-05
          71   -0.463375    -0.46297 5.97601e-05
          72    -0.46339   -0.462976  5.9213e-05
          73   -0.462464   -0.462969 5.88164e-05
          74     -0.4626   -0.462964 5.82326e-05
          75   -0.463399    -0.46297 5.77435e-05
          76   -0.462895   -0.462969 5.69921e-05
          77   -0.463005    -0.46297 5.62539e-05
          78   -0.462597   -0.462965 5.57347e-05
          79   -0.462467   -0.462958 5.53846e-05
          80   -0.463527   -0.462966 5.51458e-05
          81   -0.463396   -0.462971 5.47208e-05
          82   -0.463063   -0.462972  5.4065e-05
          83   -0.462689   -0.462969 5.35207e-05
          84   -0.462973   -0.462969 5.28836e-05
          85   -0.463999   -0.462981 5.36328e-05
          86   -0.462677   -0.462977 5.31252e-05
          87   -0.462544   -0.462972  5.2747e-05
          88   -0.462199   -0.462963 5.28746e-05
          89   -0.462753   -0.462961 5.23334e-05
          90   -0.462885    -0.46296 5.17587e-05
          91   -0.463335   -0.462964 5.13535e-05
          92    -0.46365   -0.462972 5.13331e-05
          93   -0.463429   -0.462977 5.10156e-05
          94   -0.463509   -0.462982 5.07858e-05
          95   -0.463493   -0.462988 5.05343e-05
          96   -0.463719   -0.462995 5.05781e-05
          97   -0.462195   -0.462987 5.07255e-05
          98   -0.463637   -0.462994 5.06401e-05
          99    -0.46278   -0.462992 5.01746e-05
         100   -0.462817    -0.46299 4.97031e-05
