Each line represents the mean cost of each generation 
0,461.753
1,445.953
2,432.548
3,416.782
4,401.522
5,387.134
6,369.706
7,354.136
8,337.075
9,319.971
10,301.812
11,284.539
12,266.914
13,251.222
14,233.897
15,216.98
16,200.868
17,185.145
18,169.805
19,155.571
20,142.041
21,128.918
22,118.11
23,108.855
24,101.014
25,93.8201
26,87.7126
27,82.899
28,77.8611
29,73.505
30,69.6698
31,65.9068
32,63.554
33,61.3926
34,58.7052
35,56.3381
36,54.5401
37,53.3356
38,51.6961
39,49.79
40,48.6115
41,47.8391
42,46.7678
43,46.6802
44,45.2551
45,44.9787
46,44.0908
47,44.161
48,43.9163
49,42.9531
50,42.6853
51,42.3538
52,42.4817
53,41.9111
54,41.9315
55,41.2613
56,41.103
57,41.3264
58,41.173
59,41.2829
60,40.4128
61,40.6928
62,40.2555
63,40.3331
64,39.6191
65,39.6855
66,39.5469
67,39.062
68,38.7696
69,38.8805
70,38.6558
71,38.148
72,37.9999
73,37.4053
74,38.345
75,38.1557
76,37.8063
77,37.458
78,37.2287
79,37.2088
80,36.4981
81,36.6355
82,36.6192
83,35.9556
84,35.8044
85,36.1883
86,36.2206
87,35.6135
88,35.189
89,34.8499
90,34.6003
91,34.2856
92,34.1685
93,34.3263
94,34.0492
95,34.051
96,33.8634
97,33.6348
98,33.7283
99,33.0272
100,32.7849
101,32.5978
102,32.3162
103,31.2905
104,31.4913
105,31.4446
106,30.8098
107,30.7876
108,30.4388
109,30.2193
110,29.8854
111,29.5633
112,29.3739
113,29.775
114,29.4434
115,28.9346
116,29.1448
117,28.9509
118,28.9881
119,28.8588
120,28.6112
121,28.8572
122,28.569
123,28.14
124,27.9627
125,28.1136
126,28.2627
127,28.1763
128,27.8362
129,27.673
130,27.6176
131,27.5193
132,27.2249
133,27.1835
134,27.1822
135,26.3958
136,26.9757
137,26.6691
138,26.7119
139,26.8147
140,26.6893
141,26.4916
142,26.2686
143,26.381
144,25.9177
145,25.9174
146,25.7869
147,25.721
148,25.5088
149,25.8514
150,25.2083
151,25.3589
152,25.3237
153,24.9267
154,25.023
155,24.7488
156,24.7559
157,24.4894
158,24.7186
159,24.6967
160,24.7521
161,25.0268
162,24.7751
163,24.7835
164,25.1076
165,25.0169
166,24.9282
167,24.3136
168,24.5396
169,24.0913
170,24.3549
171,24.6971
172,24.0934
173,24.0907
174,24.2176
175,24.479
176,24.3609
177,24.2386
178,24.2708
179,24.3858
180,24.0528
181,23.6172
182,24.5537
183,23.7849
184,24.2928
185,24.142
186,23.797
187,23.6935
188,23.7822
189,23.9497
190,23.6896
191,23.9007
192,23.9274
193,23.8755
194,24.0711
195,23.3781
196,23.7247
197,23.9356
198,23.5779
199,23.8143
200,23.6248
201,23.4895
202,23.5055
203,23.868
204,23.4266
205,23.3945
206,23.4913
207,23.3634
208,23.5527
209,23.3641
210,23.2644
211,23.2707
212,23.1738
213,22.9288
214,22.8569
215,22.9972
216,22.6985
217,22.5934
218,22.6596
219,22.5059
220,22.5923
221,22.3499
222,23.0312
223,23.1685
224,23.3228
225,22.8817
226,23.4244
227,23.1074
228,22.6898
229,23.3136
230,23.0816
231,22.6445
232,22.8015
233,22.6414
234,22.7183
235,22.7309
236,23.0072
237,22.5691
238,22.7091
239,22.6459
240,22.9673
241,22.6732
242,22.724
243,22.6873
244,22.7548
245,22.5521
246,22.4847
247,22.8665
248,22.7017
249,22.746
250,22.6915
251,22.4166
252,22.6295
253,22.8017
254,22.9199
255,22.8189
256,22.6053
257,23.0831
258,22.6824
259,23.3538
260,22.7874
261,22.4601
262,22.617
263,22.5416
264,22.6671
265,22.8377
266,23.1493
267,22.7217
268,22.4988
269,22.854
270,22.7926
271,22.6254
272,22.5931
273,22.8043
274,22.8633
275,22.4503
276,22.4788
277,22.2815
278,22.201
279,22.1356
280,22.135
281,22.3258
282,22.3793
283,22.2267
284,22.2324
285,22.45
286,22.3102
287,22.343
288,22.2972
289,22.2226
290,22.1205
291,22.5694
292,22.3899
293,22.1859
294,22.5246
295,22.3766
296,22.3651
297,22.5736
298,22.2685
299,22.3688
300,22.4577
301,22.3318
302,22.2754
303,22.0649
304,22.3194
305,22.1927
306,21.7438
307,22.2235
308,21.6635
309,21.9265
310,21.6609
311,21.7396
312,22.2897
313,21.7338
314,21.7533
315,22.0429
316,21.7132
317,21.5721
318,21.4508
319,22.0258
320,21.6551
321,21.8754
322,21.3376
323,21.9521
324,21.2864
325,21.1083
326,21.5044
327,21.3363
328,21.536
329,21.1428
330,21.4311
331,21.2094
332,21.6343
333,21.4872
334,21.4475
335,21.5455
336,21.3059
337,21.431
338,21.7055
339,21.0634
340,21.4205
341,21.2966
342,20.9712
343,21.1853
344,20.9172
345,21.3147
346,21.0525
347,20.8665
348,21.3698
349,21.4795
350,20.7486
351,21.1039
352,20.994
353,21.08
354,21.1819
355,20.8751
356,21.0916
357,21.1283
358,21.801
359,21.2837
360,21.1028
361,21.2331
362,21.7086
363,20.8629
364,20.9428
365,20.8491
366,21.0767
367,21.1146
368,20.9386
369,21.278
370,21.289
371,20.8908
372,20.7534
373,21.1878
374,20.9457
375,20.7317
376,20.9282
377,20.938
378,20.8411
379,20.8437
380,20.725
381,20.844
382,21.2003
383,20.8571
384,21.0922
385,21.5438
386,21.4058
387,21.7606
388,20.9504
389,21.0611
390,21.0335
391,21.03
392,21.2904
393,20.7949
394,21.063
395,20.9823
396,20.8846
397,20.9499
398,21.3349
399,20.6976
400,20.8021
401,20.7807
402,20.7178
403,20.538
404,20.6961
405,20.9973
406,21.1476
407,20.9683
408,20.8666
409,21.1979
410,21.1057
411,20.9352
412,21.0495
413,20.9023
414,20.886
415,20.9824
416,21.0294
417,21.0142
418,20.9422
419,21.1145
420,21.0655
421,20.7662
422,20.9771
423,20.5382
424,20.9776
425,20.6997
426,21.0067
427,21.0409
428,20.6581
429,20.5579
430,20.7555
431,20.7409
432,20.717
433,20.8003
434,20.5989
435,20.5951
436,20.4157
437,20.5799
438,20.7212
439,20.6003
440,20.4906
441,20.7484
442,21.0825
443,20.713
444,20.5237
445,20.9565
446,20.3423
447,20.6485
448,20.5792
449,20.8759
450,20.545
451,20.4203
452,20.6035
453,20.7038
454,20.3011
455,20.5057
456,20.5679
457,20.4426
458,20.4646
459,20.2753
460,20.7226
461,20.326
462,20.4774
463,19.88
464,20.8668
465,20.6459
466,20.3135
467,20.9323
468,20.4354
469,20.5884
470,20.6715
471,20.2186
472,20.2557
473,20.3289
474,20.1839
475,20.0063
476,19.9494
477,20.2691
478,20.2214
479,20.3951
480,20.3308
481,20.1517
482,20.2398
483,20.3025
484,20.3673
485,20.2805
486,19.7844
487,19.9965
488,20.2591
489,20.034
490,20.1073
491,20.078
492,19.9848
493,20.0947
494,20.4585
495,19.8265
496,19.81
497,19.998
498,19.7863
499,19.7317
500,20.0166
501,19.8607
502,20.1444
503,19.8302
504,19.7188
505,20.0204
506,19.9684
507,19.8429
508,19.5427
509,19.5377
510,19.3444
511,19.9328
512,19.1822
513,19.5559
514,19.6767
515,19.2482
516,19.5378
517,19.5898
518,19.3261
519,19.5496
520,19.4615
521,19.4142
522,19.475
523,19.7544
524,19.3803
525,19.4431
526,19.6913
527,19.1029
528,19.3305
529,19.4624
530,19.594
531,19.7986
532,19.1615
533,19.4853
534,19.3073
535,19.4922
536,19.4061
537,19.0684
538,19.2293
539,19.3096
540,19.5439
541,19.3668
542,19.3472
543,19.1088
544,19.2136
545,19.2359
546,19.0258
547,19.2756
548,19.0122
549,19.1811
550,19.1978
551,19.3188
552,19.1984
553,19.4164
554,19.1473
555,19.0653
556,19.0283
557,19.4534
558,18.8266
559,19.32
560,19.2036
561,19.402
562,18.9353
563,19.3192
564,19.2157
565,19.2285
566,18.9599
567,19.0662
568,19.0643
569,19.2803
570,18.7899
571,19.4338
572,19.1135
573,19.0049
574,19.0315
575,18.9357
576,19.2044
577,19.3286
578,18.7517
579,18.8328
580,18.7686
581,19.7617
582,19.2467
583,19.4091
584,18.8022
585,19.1663
586,19.0741
587,18.8199
588,19.3692
589,18.972
590,18.8018
591,19.029
592,19.0635
593,18.9319
594,19.305
595,18.8998
596,18.8315
597,19.0295
598,19.1663
599,19.2818
600,18.9136
601,19.0517
602,19.0787
603,19.064
604,19.0899
605,18.6387
606,18.9141
607,19.1741
608,19.1078
609,18.7587
610,19.0062
611,18.4392
612,18.7048
613,19.429
614,19.2408
615,18.6187
616,19.0461
617,18.8669
618,18.9863
619,18.5956
620,19.129
621,19.1758
622,18.8454
623,18.9388
624,18.6315
625,18.8378
626,18.7312
627,18.8062
628,19.2223
629,18.826
630,18.606
631,18.9299
632,18.6138
633,18.7068
634,19.0885
635,19.161
636,19.2915
637,18.828
638,19.1181
639,19.2993
640,19.3229
641,18.9897
642,19.3849
643,18.6927
644,18.9711
645,18.6132
646,19.2801
647,18.7515
648,19.1425
649,19.1289
650,18.8694
651,18.4442
652,18.7654
653,19.0518
654,18.5468
655,18.7668
656,19.0055
657,18.9357
658,18.4286
659,18.9545
660,19.0812
661,18.9951
662,19.0243
663,18.8525
664,18.6327
665,18.975
666,19.0262
667,18.7433
668,19.2052
669,19.0503
670,18.9617
671,19.071
672,18.8869
673,18.7483
674,18.773
675,18.9509
676,18.708
677,18.5721
678,18.1438
679,18.6843
680,18.2674
681,19.0925
682,18.7972
683,18.5787
684,18.706
685,19.1073
686,18.5806
687,18.5416
688,18.9137
689,18.606
690,18.7135
691,18.8631
692,18.7342
693,18.6725
694,18.8759
695,18.6749
696,18.7574
697,18.5762
698,18.8688
699,18.9414
700,18.6244
701,18.7573
702,18.9259
703,18.8216
704,18.6313
705,18.8394
706,18.7936
707,18.5853
708,18.6852
709,18.8832
710,18.4852
711,18.6789
712,18.6462
713,18.8572
714,18.3145
715,18.7926
716,18.7518
717,18.5069
718,18.7795
719,18.7909
720,18.6262
721,18.3946
722,18.6083
723,18.4847
724,18.5133
725,18.6992
726,18.5462
727,18.6492
728,18.6491
729,18.3487
730,18.4606
731,18.5934
732,18.8789
733,18.9763
734,18.9766
735,18.283
736,18.6672
737,18.4343
738,18.7985
739,18.5611
740,18.5015
741,18.2761
742,18.5149
743,18.6458
744,18.613
745,18.5364
746,18.6748
747,18.6037
748,18.4997
749,18.7
750,18.4847
751,18.5009
752,18.6739
753,18.3329
754,18.5151
755,18.4453
756,18.5071
757,18.3737
758,18.517
759,18.6075
760,18.3748
761,18.5715
762,18.4407
763,18.4558
764,18.5256
765,18.3793
766,18.2633
767,18.3971
768,18.3061
769,18.1873
770,18.3932
771,18.4954
772,18.3327
773,18.228
774,18.2285
775,18.6685
776,18.2525
777,18.5778
778,18.6066
779,18.2484
780,18.2804
781,18.5195
782,18.1952
783,18.3255
784,18.3292
785,18.7176
786,18.7854
787,18.6296
788,18.634
789,18.24
790,18.8423
791,19.0522
792,18.8881
793,18.9166
794,18.4401
795,18.9498
796,18.3752
797,18.8174
798,18.4955
799,18.8354
800,18.6745
801,18.7882
802,18.9384
803,18.4246
804,18.8145
805,18.7296
806,18.9635
807,18.5198
808,18.6071
809,18.5144
810,18.7518
811,18.4454
812,18.7555
813,18.6919
814,18.8045
815,18.795
816,18.7677
817,18.567
818,18.7118
819,18.6741
820,18.6451
821,18.8034
822,18.7567
823,18.67
824,18.7754
825,18.7001
826,18.5118
827,18.9065
828,18.5265
829,18.5866
830,18.6816
831,18.4376
832,18.7651
833,18.8174
834,18.7072
835,18.6831
836,18.616
837,18.6723
838,18.4686
839,18.678
840,18.664
841,18.5631
842,18.5792
843,18.5274
844,18.5938
845,18.7339
846,18.4771
847,18.7354
848,18.5537
849,18.7975
850,18.575
851,18.5467
852,18.4164
853,18.354
854,18.4581
855,18.5407
856,18.6316
857,18.4365
858,18.6532
859,18.8612
860,18.6186
861,18.6706
862,18.1842
863,18.4368
864,18.6888
865,18.1877
866,18.7131
867,18.4014
868,18.6017
869,18.7106
870,18.6183
871,18.6253
872,18.6701
873,18.8112
874,18.0505
875,18.4938
876,18.8712
877,18.4028
878,18.696
879,18.5593
880,18.2254
881,18.2624
882,18.4573
883,18.0623
884,17.9147
885,18.3462
886,18.2028
887,18.3469
888,17.9756
889,18.2607
890,18.2865
891,18.1055
892,18.1968
893,18.1454
894,18.2904
895,18.3952
896,18.1377
897,18.233
898,18.2915
899,18.298
900,18.101
901,18.2185
902,18.3346
903,17.9278
904,18.1314
905,18.4388
906,18.254
907,18.4939
908,18.2497
909,18.0876
910,18.5469
911,18.1834
912,17.9709
913,18.1589
914,18.1353
915,18.2871
916,18.2515
917,18.0201
918,18.0564
919,17.989
920,18.591
921,18.0913
922,18.1542
923,18.0562
924,18.2079
925,18.2121
926,18.0748
927,18.1433
928,18.2358
929,18.2078
930,18.1284
931,18.1226
932,18.2483
933,18.3948
934,18.1567
935,18.6016
936,17.8947
937,18.1044
938,18.0454
939,18.5056
940,18.3345
941,18.0679
942,18.453
943,18.4593
944,18.441
945,18.3419
946,18.3451
947,18.0599
948,18.3618
949,18.2789
950,18.1477
951,18.4515
952,18.0832
953,18.0377
954,18.208
955,18.2217
956,18.2129
957,18.0723
958,18.3573
959,18.2561
960,18.3778
961,18.1438
962,18.1765
963,18.1235
964,18.159
965,18.0503
966,18.1806
967,18.3285
968,18.2069
969,18.4691
970,18.3201
971,18.0993
972,18.1586
973,18.1493
974,18.1491
975,18.2628
976,18.2486
977,18.1625
978,18.1943
979,17.9617
980,18.1668
981,18.0191
982,18.3416
983,17.9321
984,18.3729
985,18.2109
986,18.6691
987,18.1227
988,18.1428
989,18.4514
990,18.2926
991,18.1836
992,18.1096
993,18.3267
994,18.1682
995,18.426
996,17.8635
997,18.3633
998,18.6903
999,18.2892
1000,18.6285
1001,18.4228
1002,18.7878
1003,18.443
1004,18.5526
1005,18.5849
1006,18.6424
1007,18.6162
1008,18.6994
1009,18.6536
1010,18.8353
1011,18.6204
1012,18.3604
1013,18.4919
1014,18.3945
1015,18.6371
1016,18.5021
1017,18.533
1018,18.9256
1019,18.4909
1020,18.5366
1021,18.5224
1022,18.4558
1023,18.7825
1024,18.8762
1025,18.261
1026,18.8637
1027,18.496
1028,18.6922
1029,18.8598
1030,18.7075
1031,18.3893
1032,18.5597
1033,18.5419
1034,18.4184
1035,18.541
1036,18.4045
1037,18.5326
1038,18.3833
1039,18.6095
1040,18.5042
1041,18.3872
1042,18.6391
1043,18.3596
1044,18.3274
1045,18.8729
1046,18.5372
1047,18.591
1048,18.4791
1049,18.3575
1050,18.7027
1051,18.5267
1052,18.5698
1053,18.2335
1054,18.2773
1055,18.1097
1056,18.4211
1057,18.2192
1058,18.3958
1059,17.9624
1060,18.3986
1061,18.4329
1062,18.5783
1063,18.3298
1064,18.0749
1065,18.3796
1066,18.3423
1067,18.2377
1068,18.2879
1069,18.2375
1070,18.1948
1071,18.083
1072,18.174
1073,18.2654
1074,18.4057
1075,18.261
1076,18.4907
1077,18.2223
1078,18.5075
1079,18.3604
1080,18.7401
1081,18.3048
1082,18.1953
1083,18.2321
1084,18.4721
1085,18.1949
1086,18.1211
1087,17.9307
1088,18.0411
1089,18.3008
1090,17.933
1091,18.2576
1092,18.1402
1093,18.1921
1094,17.971
1095,18.296
1096,18.161
1097,18.2848
1098,18.2178
1099,18.2579
1100,18.1001
1101,18.3059
1102,18.1783
1103,18.3855
1104,17.9762
1105,18.3519
1106,18.1164
1107,18.2033
1108,18.1895
1109,18.259
1110,18.1977
1111,18.3624
1112,18.3147
1113,18.0761
1114,17.9051
1115,18.4739
1116,18.3051
1117,18.2358
1118,18.39
1119,18.4332
1120,17.9817
1121,18.0109
1122,18.156
1123,18.2647
1124,18.2328
1125,18.3288
1126,18.3442
1127,18.361
1128,18.0667
1129,18.4687
1130,18.2456
1131,18.002
1132,18.1532
1133,17.8772
1134,18.1884
1135,18.1406
1136,18.3285
1137,18.5748
1138,17.8868
1139,18.3952
1140,18.6126
1141,18.4408
1142,18.6266
1143,18.3196
1144,18.4446
1145,18.4401
1146,18.446
1147,18.8175
1148,18.4444
1149,18.6224
1150,18.2954
1151,18.6379
1152,18.357
1153,18.5947
1154,18.533
1155,18.5522
1156,18.3144
1157,18.3751
1158,18.6745
1159,18.1575
1160,17.9008
1161,18.4027
1162,18.1817
1163,18.2541
1164,18.3053
1165,18.0868
1166,18.3372
1167,18.2824
1168,18.2987
1169,18.4362
1170,18.1481
1171,17.9325
1172,18.7641
1173,18.3068
1174,18.5011
1175,18.3662
1176,18.0555
1177,18.3481
1178,18.1386
1179,18.5708
1180,18.2881
1181,18.2975
1182,18.331
1183,18.8115
1184,18.1591
1185,17.8948
1186,18.3048
1187,18.2837
1188,17.8935
1189,18.2761
1190,18.1661
1191,17.9677
1192,17.9751
1193,18.3719
1194,18.0278
1195,18.6428
1196,18.1561
1197,17.9695
1198,18.1058
1199,18.2762
1200,18.1699
1201,18.1446
1202,18.0431
1203,18.2614
1204,18.6517
1205,18.6289
1206,18.1401
1207,17.9495
1208,18.381
1209,17.9186
1210,17.8492
1211,18.3571
1212,18.2286
1213,18.4525
1214,18.4723
1215,18.4122
1216,18.2418
1217,18.5841
1218,18.3053
1219,18.3921
1220,18.1955
1221,18.4104
1222,18.3416
1223,18.3331
1224,18.583
1225,18.3153
1226,18.2569
1227,18.5794
1228,18.19
1229,17.9935
1230,18.2042
1231,18.372
1232,18.2856
1233,18.3702
1234,18.4211
1235,18.12
1236,18.1843
1237,18.3085
1238,18.1509
1239,18.2134
1240,18.2715
1241,17.9531
1242,18.1251
1243,18.2297
1244,18.0617
1245,18.3546
1246,18.1666
1247,18.303
1248,18.1723
1249,18.1651
1250,18.1907
1251,17.9905
1252,17.9305
1253,18.069
1254,17.9051
1255,18.4635
1256,18.0365
1257,18.0387
1258,18.081
1259,17.8973
1260,17.9055
1261,18.1626
1262,18.2155
1263,17.8556
1264,17.963
1265,17.9142
1266,18.0835
1267,17.8645
1268,17.966
1269,18.0914
1270,17.8487
1271,18.2169
1272,17.7959
1273,17.8897
1274,17.7352
1275,17.663
1276,18.038
1277,18.0431
1278,17.7996
1279,17.5863
1280,17.7419
1281,17.864
1282,17.685
1283,17.7704
1284,17.978
1285,17.7391
1286,17.8648
1287,17.6236
1288,17.8864
1289,17.6346
1290,17.8089
1291,17.7993
1292,17.6207
1293,17.4292
1294,17.7775
1295,17.7015
1296,17.8751
1297,17.8097
1298,17.3213
1299,17.4936
1300,17.7847
1301,17.4234
1302,17.7561
1303,17.4658
1304,17.4996
1305,17.4474
1306,17.3681
1307,17.603
1308,17.5472
1309,17.5362
1310,17.4804
1311,17.5642
1312,17.6773
1313,17.3932
1314,17.64
1315,17.3621
1316,17.7317
1317,17.271
1318,17.5101
1319,17.3575
1320,17.508
1321,17.2423
1322,17.5147
1323,17.5281
1324,17.6193
1325,17.5697
1326,17.5259
1327,17.3656
1328,17.2699
1329,17.4871
1330,17.4691
1331,17.3332
1332,17.3385
1333,17.3166
1334,17.2833
1335,17.2892
1336,17.523
1337,17.5812
1338,17.3396
1339,17.556
1340,17.4065
1341,17.6446
1342,17.3616
1343,17.2813
1344,17.3437
1345,17.3372
1346,17.2273
1347,17.3924
1348,17.1501
1349,17.3441
1350,17.6061
1351,17.4208
1352,17.735
1353,17.354
1354,17.3405
1355,17.3693
1356,17.4352
1357,17.5612
1358,17.6168
1359,17.7074
1360,17.5539
1361,17.4066
1362,17.5116
1363,17.4125
1364,17.4559
1365,17.5124
1366,17.4379
1367,17.3506
1368,17.2339
1369,17.4293
1370,17.2965
1371,17.3776
1372,17.3907
1373,17.3152
1374,17.2126
1375,17.3031
1376,17.3805
1377,17.4925
1378,17.3507
1379,17.0678
1380,17.2137
1381,17.2574
1382,17.3069
1383,17.4431
1384,17.374
1385,17.4242
1386,17.1758
1387,17.6174
1388,17.4127
1389,17.3754
1390,17.5808
1391,17.5059
1392,17.3103
1393,17.2052
1394,17.317
1395,17.3362
1396,17.382
1397,17.1068
1398,17.3036
1399,17.324
1400,17.3937
1401,17.2502
1402,17.2637
1403,17.2903
1404,17.5106
1405,17.1726
1406,17.3154
1407,17.3261
1408,17.1376
1409,17.1318
1410,17.3906
1411,17.305
1412,17.3717
1413,17.2723
1414,17.6217
1415,17.2359
1416,17.2751
1417,16.9348
1418,17.4156
1419,17.391
1420,17.2533
1421,17.0969
1422,17.4174
1423,17.4873
1424,17.2125
1425,17.3147
1426,17.3667
1427,17.4327
1428,17.0954
1429,17.1454
1430,17.5636
1431,17.2142
1432,17.4827
1433,17.3533
1434,17.2437
1435,17.2954
1436,17.2585
1437,17.3141
1438,17.3026
1439,17.1927
1440,17.0599
1441,17.3705
1442,17.37
1443,17.3636
1444,17.244
1445,17.3457
1446,17.3049
1447,17.3537
1448,17.2787
1449,17.0619
1450,17.3589
1451,17.2387
1452,17.194
1453,17.3211
1454,17.258
1455,17.1764
1456,17.0954
1457,17.1354
1458,17.3332
1459,17.0788
1460,17.0505
1461,17.5992
1462,17.0493
1463,17.501
1464,17.061
1465,17.311
1466,17.1893
1467,17.0893
1468,17.0484
1469,17.0799
1470,17.349
1471,16.946
1472,16.9744
1473,17.137
1474,16.9752
1475,17.1084
1476,17.0507
1477,17.0423
1478,17.1452
1479,16.8785
1480,17.177
1481,17.051
1482,17.0695
1483,16.9344
1484,16.9421
1485,17.1476
1486,16.9963
1487,16.8673
1488,17.0339
1489,17.0152
1490,17.0534
1491,16.96
1492,16.9701
1493,17.1375
1494,17.127
1495,16.9178
1496,16.9535
1497,17.1084
1498,17.0688
1499,17.1835
1500,17.0141
1501,17.0417
1502,17.0256
1503,17.0444
1504,17.0302
1505,17.2546
1506,17.2006
1507,17.1509
1508,16.898
1509,16.8388
1510,16.9173
1511,16.955
1512,16.8952
1513,16.9198
1514,16.9216
1515,16.7616
1516,16.6857
1517,16.8866
1518,16.7776
1519,16.6727
1520,16.8773
1521,16.7667
1522,16.8521
1523,16.7956
1524,16.8885
1525,16.9026
1526,16.8077
1527,17.0998
1528,16.9007
1529,16.8963
1530,16.9301
1531,17.0388
1532,17.0161
1533,16.7136
1534,17.0595
1535,17.0392
1536,16.7388
1537,16.9728
1538,16.8589
1539,16.7912
1540,16.8224
1541,16.9731
1542,16.7973
1543,17.0538
1544,16.8491
1545,16.7339
1546,16.9213
1547,17.106
1548,17.0278
1549,16.6562
1550,16.8457
1551,16.7036
1552,16.8211
1553,16.7461
1554,16.6607
1555,16.7824
1556,16.7877
1557,16.5807
1558,16.8931
1559,17.0123
1560,16.745
1561,16.7023
1562,16.9248
1563,16.8837
1564,16.8413
1565,16.8729
1566,16.6002
1567,16.634
1568,16.837
1569,16.7078
1570,16.7745
1571,16.7033
1572,16.8547
1573,16.6713
1574,16.7072
1575,16.6159
1576,16.7716
1577,16.6864
1578,16.6325
1579,16.6747
1580,16.812
1581,16.7349
1582,17.1264
1583,16.6805
1584,16.7687
1585,16.8264
1586,16.8208
1587,16.7494
1588,16.8104
1589,16.7267
1590,16.7651
1591,16.6995
1592,16.8808
1593,16.8418
1594,16.9018
1595,16.7892
1596,16.5563
1597,16.6699
1598,16.6923
1599,16.8019
1600,16.5637
1601,16.846
1602,16.6995
1603,16.8494
1604,16.7269
1605,16.6772
1606,16.5145
1607,16.8084
1608,16.7396
1609,16.7813
1610,16.6692
1611,16.6993
1612,16.7499
1613,16.7066
1614,16.5299
1615,16.4529
1616,17.0095
1617,16.886
1618,16.4349
1619,16.7136
1620,16.7072
1621,16.5343
1622,16.6421
1623,16.6599
1624,16.5431
1625,16.7759
1626,16.5235
1627,16.6394
1628,16.8628
1629,16.3916
1630,16.5518
1631,16.5427
1632,16.4445
1633,16.3924
1634,16.7205
1635,16.658
1636,16.4557
1637,16.8089
1638,16.7423
1639,16.5637
1640,16.7228
1641,16.8607
1642,16.8364
1643,16.6199
1644,16.6891
1645,16.5967
1646,16.4787
1647,16.7196
1648,16.5632
1649,16.7322
1650,16.7057
1651,16.5943
1652,16.5645
1653,16.5746
1654,16.7171
1655,16.579
1656,16.6763
1657,16.7355
1658,16.335
1659,16.3601
1660,16.5734
1661,16.8077
1662,16.6935
1663,16.6741
1664,16.6881
1665,16.5652
1666,16.6084
1667,16.7548
1668,16.8142
1669,16.7807
1670,16.7743
1671,16.6397
1672,16.6125
1673,16.6434
1674,16.5522
1675,16.6792
1676,16.6715
1677,16.5805
1678,16.5887
1679,16.6419
1680,16.7388
1681,16.9109
1682,16.6843
1683,16.6131
1684,16.4698
1685,16.711
1686,16.7161
1687,16.5767
1688,16.3797
1689,16.4356
1690,16.7192
1691,16.5073
1692,16.6722
1693,16.6973
1694,16.4919
1695,16.5402
1696,16.7258
1697,16.4783
1698,16.62
1699,16.7547
1700,16.6589
1701,16.4826
1702,16.3136
1703,16.582
1704,16.5183
1705,16.5381
1706,16.5972
1707,16.4465
1708,16.3432
1709,16.7297
1710,16.6596
1711,16.8249
1712,16.5256
1713,16.4697
1714,16.6365
1715,16.7059
1716,16.5882
1717,16.815
1718,16.5897
1719,16.7442
1720,16.3851
1721,16.8019
1722,16.6214
1723,16.6137
1724,16.7317
1725,16.6117
1726,16.6727
1727,16.7034
1728,16.6384
1729,16.5234
1730,16.8632
1731,16.4724
1732,16.6409
1733,16.5117
1734,16.5745
1735,16.5706
1736,16.4033
1737,16.3045
1738,16.5439
1739,16.7438
1740,16.6192
1741,16.4172
1742,16.8539
1743,16.6753
1744,16.3869
1745,16.7987
1746,16.3468
1747,16.6067
1748,16.6726
1749,16.5029
1750,16.5167
1751,16.5009
1752,16.5421
1753,16.5089
1754,16.4289
1755,16.5769
1756,16.7822
1757,16.6642
1758,16.5531
1759,16.6047
1760,16.5557
1761,16.6977
1762,16.5913
1763,16.5432
1764,16.4321
1765,16.4422
1766,16.4303
1767,16.5189
1768,16.4949
1769,16.4371
1770,16.3774
1771,16.6045
1772,16.5459
1773,16.3284
1774,16.6064
1775,16.596
1776,16.5462
1777,16.3207
1778,16.4431
1779,16.1423
1780,16.641
1781,16.3375
1782,16.3954
1783,16.5183
1784,16.5475
1785,16.8672
1786,16.6124
1787,16.4938
1788,16.4876
1789,16.6577
1790,16.74
1791,16.5745
1792,16.3667
1793,16.4545
1794,16.3138
1795,16.5595
1796,16.6441
1797,16.4267
1798,16.503
1799,16.5457
1800,16.625
1801,16.7153
1802,16.6402
1803,16.9152
1804,16.4382
1805,16.7176
1806,16.6716
1807,16.552
1808,16.5204
1809,16.6156
1810,16.4302
1811,16.5673
1812,16.421
1813,16.552
1814,16.6433
1815,16.7565
1816,16.6404
1817,16.6564
1818,16.6262
1819,16.6532
1820,16.8376
1821,16.7902
1822,16.5534
1823,16.7792
1824,16.7976
1825,16.4876
1826,16.5516
1827,16.7834
1828,16.5447
1829,16.9577
1830,16.7114
1831,16.5129
1832,16.5381
1833,16.7198
1834,16.5223
1835,16.6429
1836,16.6635
1837,16.367
1838,16.6726
1839,16.7684
1840,16.6382
1841,16.6944
1842,16.8509
1843,16.4563
1844,16.7032
1845,16.5097
1846,16.4508
1847,16.746
1848,16.6361
1849,16.548
1850,16.5389
1851,16.4926
1852,16.6664
1853,16.4849
1854,16.7337
1855,16.7342
1856,16.8335
1857,16.7618
1858,16.7658
1859,16.5276
1860,16.4933
1861,16.6035
1862,16.7162
1863,16.7669
1864,16.589
1865,16.6769
1866,16.472
1867,16.6659
1868,16.6874
1869,16.7785
1870,16.594
1871,16.6727
1872,16.6023
1873,16.7196
1874,16.6463
1875,16.6163
1876,16.5193
1877,16.6602
1878,16.4281
1879,16.4011
1880,16.3126
1881,16.768
1882,16.6062
1883,16.7286
1884,16.5982
1885,16.7212
1886,16.5216
1887,16.5519
1888,16.8082
1889,16.7484
1890,16.656
1891,16.6357
1892,16.6852
1893,16.5612
1894,16.5168
1895,16.6343
1896,16.6354
1897,16.4158
1898,16.6563
1899,16.6934
1900,16.7819
1901,16.4821
1902,16.6072
1903,16.5176
1904,16.6878
1905,16.6656
1906,16.5202
1907,16.6564
1908,16.5387
1909,16.8773
1910,16.8743
1911,16.7429
1912,16.6951
1913,16.6389
1914,16.5561
1915,16.6885
1916,16.4138
1917,16.5042
1918,16.6952
1919,16.7289
1920,16.6869
1921,16.6579
1922,16.4835
1923,16.4635
1924,16.6405
1925,16.5536
1926,16.6971
1927,16.565
1928,16.6807
1929,16.5864
1930,16.4543
1931,16.4827
1932,16.4931
1933,16.5978
1934,16.4945
1935,16.6258
1936,16.488
1937,16.5445
1938,16.6423
1939,16.4524
1940,16.4917
1941,16.5631
1942,16.7784
1943,16.7653
1944,16.7366
1945,16.5241
1946,16.6328
1947,16.3404
1948,16.4045
1949,16.7229
1950,16.6059
1951,16.3389
1952,16.3453
1953,16.6737
1954,16.7502
1955,16.4664
1956,16.4862
1957,16.4772
1958,16.505
1959,16.5387
1960,16.5898
1961,16.5988
1962,16.268
1963,16.4095
1964,16.2602
1965,16.5035
1966,16.5244
1967,16.7379
1968,16.615
1969,16.5676
1970,16.1878
1971,16.4662
1972,16.5848
1973,16.4253
1974,16.3929
1975,16.6542
1976,16.333
1977,16.4273
1978,16.5048
1979,16.5882
1980,16.6386
1981,16.52
1982,16.6218
1983,16.6051
1984,16.5198
1985,16.4673
1986,16.8151
1987,16.6297
1988,16.5419
1989,16.6269
1990,16.5214
1991,16.4292
1992,16.5487
1993,16.6723
1994,16.6066
1995,16.644
1996,16.7406
1997,16.693
1998,16.774
1999,16.5323
2000,16.2938
2001,16.6289
2002,16.7127
2003,16.7218
2004,16.5428
2005,16.8028
2006,16.5448
2007,16.6811
2008,16.5276
2009,16.6783
2010,16.6673
2011,16.7332
2012,16.7117
2013,16.8521
2014,16.655
2015,16.5126
2016,16.5536
2017,16.6251
2018,16.5999
2019,16.6806
2020,16.5885
2021,16.5501
2022,16.4775
2023,16.7199
2024,16.3669
2025,16.4864
2026,16.5899
2027,16.6552
2028,16.7341
2029,16.7224
2030,16.4851
2031,16.5282
2032,16.4716
2033,16.4111
2034,16.5936
2035,16.5145
2036,16.6725
2037,16.5656
2038,16.4954
2039,16.39
2040,16.6523
2041,16.353
2042,16.6545
2043,16.5071
2044,16.607
2045,16.6411
2046,16.677
2047,16.6314
2048,16.5981
2049,16.4997
2050,16.5844
2051,16.687
2052,16.8077
2053,16.3691
2054,16.6191
2055,16.5507
2056,16.8345
2057,16.71
2058,16.7575
2059,16.4944
2060,16.6268
2061,16.6931
2062,16.749
2063,16.4617
2064,16.4266
2065,16.5982
2066,16.5171
2067,16.5159
2068,16.6753
2069,16.4858
2070,16.5849
2071,16.4907
2072,16.5942
2073,16.4256
2074,16.6548
2075,16.5379
2076,16.5209
2077,16.431
2078,16.6371
2079,16.6449
2080,16.6408
2081,16.3647
2082,16.4143
2083,16.868
2084,16.6693
2085,16.6905
2086,16.617
2087,16.6045
2088,16.4531
2089,16.5634
2090,16.7295
2091,16.4864
2092,16.6994
2093,16.657
2094,16.4712
2095,16.6362
2096,16.5326
2097,16.7608
2098,16.4409
2099,16.2844
2100,16.71
2101,16.7288
2102,16.5101
2103,16.5607
2104,16.7767
2105,16.5513
2106,16.2691
2107,16.6021
2108,16.6517
2109,16.7148
2110,16.526
2111,16.468
2112,16.7854
2113,16.6555
2114,16.2362
2115,16.5421
2116,16.4295
2117,16.6585
2118,16.3294
2119,16.5316
2120,16.5503
2121,16.4567
2122,16.4622
2123,16.5505
2124,16.4223
2125,16.5406
2126,16.6451
2127,16.3689
2128,16.7154
2129,16.5193
2130,16.8346
2131,16.5435
2132,16.3256
2133,16.7211
2134,16.3539
2135,16.4555
2136,16.5508
2137,16.6071
2138,16.5319
2139,16.7371
2140,16.8516
2141,16.5374
2142,16.401
2143,16.7186
2144,16.3703
2145,16.3857
2146,16.4205
2147,16.4683
2148,16.4471
2149,16.4632
2150,16.5298
2151,16.5853
2152,16.4221
2153,16.5582
2154,16.525
2155,16.3958
2156,16.5235
2157,16.4698
2158,16.307
2159,16.6193
2160,16.4991
2161,16.5691
2162,16.5165
2163,16.5654
2164,16.6555
2165,16.4643
2166,16.6068
2167,16.4438
2168,16.6642
2169,16.6234
2170,16.5635
2171,16.4002
2172,16.5959
2173,16.4902
2174,16.7292
2175,16.6666
2176,16.5349
2177,16.5284
2178,16.652
2179,16.5608
2180,16.6833
2181,16.8941
2182,16.849
2183,16.4835
2184,16.5477
2185,16.7646
2186,16.5389
2187,16.6508
2188,16.6272
2189,16.4831
2190,16.6725
2191,16.5734
2192,16.4661
2193,16.5783
2194,16.682
2195,16.668
2196,16.3529
2197,16.5235
2198,16.4791
2199,16.5671
2200,16.6036
2201,16.5437
2202,16.565
2203,16.7482
2204,16.3867
2205,16.5235
2206,16.6357
2207,16.4638
2208,16.568
2209,16.6466
2210,16.4156
2211,16.5256
2212,16.5505
2213,16.4318
2214,16.6037
2215,16.6273
2216,16.6816
2217,16.3761
2218,16.5352
2219,16.622
2220,16.6317
2221,16.5178
2222,16.5556
2223,16.4512
2224,16.4295
2225,16.7701
2226,16.7165
2227,16.4552
2228,16.7497
2229,16.7185
2230,16.7079
2231,16.5498
2232,16.6109
2233,16.4442
2234,16.6348
2235,16.6218
2236,16.7277
2237,16.4995
2238,16.5896
2239,16.5931
2240,16.5762
2241,16.6239
2242,16.6368
2243,16.6123
2244,16.7291
2245,16.5118
2246,16.4211
2247,16.4613
2248,16.6022
2249,16.3795
2250,16.7197
2251,16.7539
2252,16.602
2253,16.4093
2254,16.4015
2255,16.546
2256,16.4182
2257,16.5564
2258,16.6806
2259,16.5135
2260,16.6315
2261,16.3854
2262,16.7514
2263,16.5716
2264,16.4853
2265,16.4724
2266,16.4685
2267,16.4245
2268,16.5328
2269,16.2803
2270,16.3758
2271,16.5232
2272,16.5564
2273,16.6476
2274,16.5731
2275,16.386
2276,16.4911
2277,16.4995
2278,16.49
2279,16.5562
2280,16.5456
2281,16.6609
2282,16.5416
2283,16.6759
2284,16.4907
2285,16.5299
2286,16.5835
2287,16.5336
2288,16.3335
2289,16.5162
2290,17.2035
2291,16.5182
2292,16.4093
2293,16.8935
2294,16.5403
2295,16.5518
2296,16.6628
2297,16.5433
2298,16.4292
2299,16.4266
2300,16.5249
2301,16.659
2302,16.7173
2303,16.4635
2304,16.5538
2305,16.6966
2306,16.5342
2307,16.6813
2308,16.6261
2309,16.4206
2310,16.6086
2311,16.7296
2312,16.5211
2313,16.3814
2314,16.5892
2315,16.784
2316,16.4724
2317,16.6506
2318,16.5081
2319,16.7711
2320,16.6993
2321,16.5276
2322,16.3732
2323,16.5853
2324,16.3642
2325,16.635
2326,16.5248
2327,16.5022
2328,16.5701
2329,16.7592
2330,16.6314
2331,16.3919
2332,16.4996
2333,16.6245
2334,16.6201
2335,16.6135
2336,16.5318
2337,16.6071
2338,16.8264
2339,16.6868
2340,16.6334
2341,16.4789
2342,16.5358
2343,16.4951
2344,16.5343
2345,16.5916
2346,16.6772
2347,16.5734
2348,16.6805
2349,16.5865
2350,16.2948
2351,16.6261
2352,16.5339
2353,16.4825
2354,16.627
2355,16.6328
2356,16.4621
2357,16.4769
2358,16.5593
2359,16.4626
2360,16.6098
2361,16.4266
2362,16.6007
2363,16.6394
2364,16.6025
2365,16.8807
2366,16.5588
2367,16.5045
2368,16.2803
2369,16.6029
2370,16.4267
2371,16.7935
2372,16.571
2373,16.4611
2374,16.5875
2375,16.5054
2376,16.779
2377,16.6464
2378,16.5725
2379,16.4838
2380,16.4948
2381,16.6718
2382,16.5179
2383,16.8015
2384,16.4816
2385,16.5075
2386,16.4585
2387,16.475
2388,16.6244
2389,16.6515
2390,16.4693
2391,16.6613
2392,16.3499
2393,16.5411
2394,16.5275
2395,16.4415
2396,16.7376
2397,16.4769
2398,16.4947
2399,16.283
2400,16.556
2401,16.7795
2402,16.728
2403,16.8272
2404,16.6701
2405,16.5864
2406,16.7476
2407,16.5275
2408,16.7652
2409,16.7149
2410,16.7205
2411,16.6193
2412,16.5848
2413,16.5479
2414,16.5656
2415,16.4315
2416,16.74
2417,16.6739
2418,16.6236
2419,16.7135
2420,16.5741
2421,16.7247
2422,16.4483
2423,16.3155
2424,16.5887
2425,16.5758
2426,16.5629
2427,16.2697
2428,16.6637
2429,16.6801
2430,16.4934
2431,16.6372
2432,16.7124
2433,16.541
2434,16.5563
2435,16.6308
2436,16.414
2437,16.6496
2438,16.7674
2439,16.5526
2440,16.6475
2441,16.6477
2442,16.5336
2443,16.6627
2444,16.565
2445,16.5835
2446,16.7242
2447,16.6979
2448,16.7301
2449,16.9301
2450,16.6649
2451,16.5428
2452,16.514
2453,16.4616
2454,16.4891
2455,16.7061
2456,16.6156
2457,16.5365
2458,16.4456
2459,16.3839
2460,16.437
2461,16.4588
2462,16.7637
2463,16.682
2464,16.5334
2465,16.8147
2466,16.4361
2467,16.5864
2468,16.6621
2469,16.3657
2470,16.5648
2471,16.4276
2472,16.7615
2473,16.6222
2474,16.811
2475,16.7
2476,16.847
2477,16.6783
2478,16.4774
2479,16.7064
2480,16.5683
2481,16.2991
2482,16.4721
2483,16.4312
2484,16.582
2485,16.4657
2486,16.4453
2487,16.6038
2488,16.4951
2489,16.5648
2490,16.7686
2491,16.5415
2492,16.6393
2493,16.6969
2494,16.4584
2495,16.5734
2496,16.2485
2497,16.7136
2498,16.6209
2499,16.5488
2500,16.729
2501,16.6438
2502,16.361
2503,16.7691
2504,16.5799
2505,16.5537
2506,16.4253
2507,16.4779
2508,16.573
2509,16.6335
2510,16.6848
2511,16.6128
2512,16.3067
2513,16.4268
2514,16.7669
2515,16.5135
2516,16.7387
2517,16.9093
2518,16.5241
2519,16.36
2520,16.574
2521,16.5663
2522,16.5706
2523,16.4608
2524,16.8449
2525,16.6648
2526,16.4739
2527,16.4734
2528,16.5676
2529,16.5318
2530,16.6792
2531,16.8104
2532,16.7611
2533,16.7612
2534,16.6006
2535,16.7702
2536,16.8558
2537,16.5247
2538,16.4736
2539,16.6468
2540,16.743
2541,16.4669
2542,16.487
2543,16.7987
2544,16.5706
2545,16.6899
2546,16.8046
2547,16.5842
2548,16.7334
2549,16.3997
2550,16.4367
2551,16.7749
2552,16.6388
2553,16.6353
2554,16.4399
2555,16.4729
2556,16.5157
2557,16.6032
2558,16.5403
2559,16.8268
2560,16.5215
2561,16.4887
2562,16.608
2563,16.3725
2564,16.5415
2565,16.519
2566,16.4848
2567,16.4225
2568,16.7114
2569,16.5541
2570,16.4072
2571,16.5682
2572,16.6923
2573,16.662
2574,16.6965
2575,16.6074
2576,16.6421
2577,16.5878
2578,16.7194
2579,16.4275
2580,16.4646
2581,16.4628
2582,16.4272
2583,16.6304
2584,16.4643
2585,16.4107
2586,16.568
2587,16.5058
2588,16.6707
2589,16.4447
2590,16.6423
2591,16.4258
2592,16.77
2593,16.5456
2594,16.5554
2595,16.3394
2596,16.3281
2597,16.4314
2598,16.4942
2599,16.4462
2600,16.5723
2601,16.4152
2602,16.7499
2603,16.4821
2604,16.4674
2605,16.367
2606,16.4313
2607,16.4106
2608,16.7012
2609,16.6912
2610,16.4473
2611,16.6267
2612,16.3121
2613,16.4579
2614,16.5735
2615,16.6817
2616,16.6878
2617,16.6067
2618,16.4457
2619,16.4349
2620,16.8076
2621,16.5117
2622,16.5768
2623,16.655
2624,16.7444
2625,16.6431
2626,16.6204
2627,16.5481
2628,16.5154
2629,16.5066
2630,16.5891
2631,16.579
2632,16.7511
2633,16.4382
2634,16.6484
2635,16.5999
2636,16.5252
2637,16.6643
2638,16.6629
2639,16.4388
2640,16.6761
2641,16.5846
2642,16.7656
2643,16.7338
2644,16.5738
2645,16.7519
2646,16.483
2647,16.4001
2648,16.5988
2649,16.759
2650,16.5654
2651,16.6352
2652,16.6387
2653,16.7786
2654,16.4859
2655,16.8736
2656,16.3729
2657,16.2908
2658,16.5751
2659,16.5214
2660,16.4003
2661,16.8355
2662,16.6748
2663,16.6731
2664,16.8055
2665,16.5255
2666,16.6753
2667,16.4128
2668,16.5257
2669,16.7138
2670,16.6161
2671,16.5073
2672,16.7101
2673,16.6508
2674,16.3794
2675,16.4225
2676,16.6977
2677,16.2666
2678,16.5707
2679,16.485
2680,16.5483
2681,16.5826
2682,16.6106
2683,16.8341
2684,16.7029
2685,16.6211
2686,16.7632
2687,16.6638
2688,16.6688
2689,16.4556
2690,16.5069
2691,16.5104
2692,16.6313
2693,16.3726
2694,16.3713
2695,16.3908
2696,16.5361
2697,16.4605
2698,16.6709
2699,16.4946
2700,16.519
2701,16.5712
2702,16.5104
2703,16.5326
2704,16.4539
2705,16.6042
2706,16.545
2707,16.488
2708,16.7341
2709,16.7102
2710,16.4745
2711,16.2783
2712,16.6932
2713,16.7051
2714,16.649
2715,16.6609
2716,16.4138
2717,16.5563
2718,16.5618
2719,16.6504
2720,16.4777
2721,16.2554
2722,16.4936
2723,16.4099
2724,16.7321
2725,16.4935
2726,16.2335
2727,16.4633
2728,16.64
2729,16.4289
2730,16.5699
2731,16.5226
2732,16.4133
2733,16.4332
2734,16.4276
2735,16.5704
2736,16.7965
2737,16.4612
2738,16.6131
2739,16.7115
2740,16.6215
2741,16.5145
2742,16.6169
2743,16.6774
2744,16.8245
2745,16.7628
2746,16.8707
2747,16.7551
2748,16.6025
2749,16.4614
2750,16.5517
2751,16.6543
2752,16.4212
2753,16.6406
2754,16.5816
2755,16.4209
2756,16.5824
2757,16.5108
2758,16.4768
2759,16.5881
2760,16.648
2761,16.693
2762,16.5639
2763,16.5358
2764,16.489
2765,16.5005
2766,16.5379
2767,16.3253
2768,16.9112
2769,16.6532
2770,16.4859
2771,16.3477
2772,16.5688
2773,16.7703
2774,16.5022
2775,16.5727
2776,16.3498
2777,16.5504
2778,16.6904
2779,16.5116
2780,16.5839
2781,16.5321
2782,16.6118
2783,16.3131
2784,16.5799
2785,16.6493
2786,16.6968
2787,16.6175
2788,16.6946
2789,16.4724
2790,16.7522
2791,16.5489
2792,16.4743
2793,16.8695
2794,16.4887
2795,16.6471
2796,16.8011
2797,16.5601
2798,16.6018
2799,16.8266
2800,16.6851
2801,16.6024
2802,16.5355
2803,16.633
2804,16.6952
2805,16.4921
2806,16.6946
2807,16.6092
2808,16.7389
2809,16.7242
2810,16.5438
2811,16.8094
2812,16.4816
2813,16.3775
2814,16.5693
2815,16.4701
2816,16.5893
2817,16.5307
2818,16.6418
2819,16.5473
2820,16.8041
2821,16.5831
2822,16.5589
2823,16.7501
2824,16.4924
2825,16.4776
2826,16.541
2827,16.8095
2828,16.575
2829,16.6522
2830,16.5458
2831,16.3589
2832,16.5786
2833,16.4599
2834,16.6725
2835,16.5596
2836,16.6145
2837,16.4728
2838,16.6913
2839,16.7998
2840,16.6788
2841,16.5326
2842,16.5956
2843,16.7379
2844,16.374
2845,16.5632
2846,16.5734
2847,16.6236
2848,16.6347
2849,16.5608
2850,16.7658
2851,16.5111
2852,16.4519
2853,16.3569
2854,16.6718
2855,16.4068
2856,16.4281
2857,16.6399
2858,16.5416
2859,16.5398
2860,16.2606
2861,16.6875
2862,16.588
2863,16.6843
2864,16.6275
2865,16.7022
2866,16.4479
2867,16.6933
2868,16.6312
2869,16.728
2870,16.5229
2871,16.5522
2872,16.384
2873,16.6324
2874,16.4769
2875,16.5329
2876,16.6861
2877,16.531
2878,16.633
2879,16.5881
2880,16.7491
2881,16.687
2882,16.4563
2883,16.6526
2884,16.6413
2885,16.7307
2886,16.4603
2887,16.5022
2888,16.4831
2889,16.4028
2890,16.7059
2891,16.6186
2892,16.4878
2893,16.6878
2894,16.3825
2895,16.4397
2896,16.24
2897,16.364
2898,16.6786
2899,16.5587
2900,16.5634
2901,16.5383
2902,16.5925
2903,16.6261
2904,16.4326
2905,16.6392
2906,16.656
2907,16.6118
2908,16.5737
2909,16.6253
2910,16.6001
2911,16.6215
2912,16.5348
2913,16.5511
2914,16.6918
2915,16.8249
2916,16.6662
2917,16.7208
2918,16.8126
2919,16.5926
2920,16.734
2921,16.6543
2922,16.5804
2923,16.6874
2924,16.3515
2925,16.5921
2926,16.6871
2927,16.4626
2928,16.6224
2929,16.53
2930,16.5925
2931,16.5747
2932,16.4105
2933,16.5045
2934,16.5766
2935,16.7003
2936,16.7462
2937,16.6816
2938,16.6876
2939,16.7694
2940,16.6838
2941,16.6223
2942,16.7075
2943,16.8614
2944,16.3447
2945,16.5852
2946,16.609
2947,16.6583
2948,16.8164
2949,16.6346
2950,16.6654
2951,16.5417
2952,16.7543
2953,16.7329
2954,16.4933
2955,16.4278
2956,16.7291
2957,16.4149
2958,16.6144
2959,16.4643
2960,16.5235
2961,16.4882
2962,16.3599
2963,16.3079
2964,16.5156
2965,16.5026
2966,16.5944
2967,16.9158
2968,16.5623
2969,16.8563
2970,16.5783
2971,16.3141
2972,16.6463
2973,16.4464
2974,16.4685
2975,16.4739
2976,16.6428
2977,16.6718
2978,16.6693
2979,16.6275
2980,16.5252
2981,16.4852
2982,16.3576
2983,16.4648
2984,16.5674
2985,16.6068
2986,16.5561
2987,16.6844
2988,16.6493
2989,16.476
2990,16.5238
2991,16.8134
2992,16.5225
2993,16.8069
2994,16.5485
2995,16.4688
2996,16.4386
2997,16.7698
2998,16.6158
2999,16.652
