Optimal Cost for the current setting: 
74.5584
Generation | Best Tour | Cost 
0 , 19226, 125.683
1 , 224, 132.94
2 , 6453, 132.94
3 , 18161, 132.94
4 , 15468, 115.476
5 , 9873, 115.476
6 , 5131, 115.476
7 , 8538, 99.2818
8 , 128, 98.6651
9 , 12294, 91.188
10 , 14144, 80.4572
11 , 19658, 79.2099
12 , 14014, 78.6032
13 , 844, 64.2062
14 , 12046, 58.8408
15 , 16264, 58.726
16 , 15748, 57.5709
17 , 11064, 49.0776
18 , 17238, 47.1642
19 , 2098, 42.9806
20 , 2882, 44.5066
21 , 2892, 42.2371
22 , 5102, 36.973
23 , 14676, 33.0957
24 , 5329, 33.0957
25 , 13181, 33.0957
26 , 244, 31.2307
27 , 8602, 31.2307
28 , 10892, 31.2307
29 , 12598, 30.7672
30 , 6140, 28.9151
31 , 11288, 27.4022
32 , 9887, 27.4022
33 , 9079, 27.4022
34 , 2282, 28.4131
35 , 3683, 28.4131
36 , 5932, 27.3786
37 , 17880, 27.4022
38 , 10007, 27.4022
39 , 8361, 27.4022
40 , 2664, 27.3991
41 , 18350, 27.4022
42 , 11156, 27.3786
43 , 18608, 26.7072
44 , 9379, 26.7072
45 , 16291, 26.7072
46 , 8749, 26.7072
47 , 11427, 26.7072
48 , 15221, 26.7072
49 , 16795, 26.0272
50 , 9097, 26.0272
51 , 1286, 26.0036
52 , 10517, 25.5814
53 , 13537, 25.5814
54 , 10722, 25.8419
55 , 14062, 25.5085
56 , 16152, 24.5469
57 , 3512, 24.5705
58 , 10849, 24.5705
59 , 17280, 24.5469
60 , 2176, 24.5469
61 , 3416, 24.5469
62 , 8515, 23.8511
63 , 4361, 23.9055
64 , 11801, 23.8511
65 , 17230, 23.9055
66 , 8960, 23.9055
67 , 9137, 23.3097
68 , 1430, 23.3097
69 , 12291, 23.3097
70 , 14112, 23.2861
71 , 12673, 23.3097
72 , 10687, 23.3097
73 , 7351, 21.0738
74 , 12747, 21.0738
75 , 656, 21.0738
76 , 3230, 21.0738
77 , 2883, 20.7535
78 , 16332, 20.7535
79 , 15086, 20.7535
80 , 678, 20.7535
81 , 5108, 20.7535
82 , 11976, 20.7535
83 , 19782, 20.7535
84 , 13068, 19.3775
85 , 17842, 19.3775
86 , 1397, 20.7535
87 , 7740, 20.7535
88 , 3021, 20.7535
89 , 2326, 20.7535
90 , 5097, 20.7535
91 , 19383, 20.7535
92 , 9692, 19.813
93 , 3503, 19.5239
94 , 8683, 19.7777
95 , 10224, 18.7154
96 , 6741, 18.7154
97 , 1728, 18.661
98 , 5109, 18.661
99 , 9831, 18.661
100 , 5806, 18.7154
101 , 18779, 18.7154
102 , 1025, 18.7154
103 , 6816, 18.661
104 , 11961, 18.7154
105 , 19299, 18.7154
106 , 15221, 18.3189
107 , 4614, 18.3189
108 , 3271, 18.3189
109 , 7205, 18.3189
110 , 13512, 18.2645
111 , 2517, 18.2645
112 , 17600, 18.2404
113 , 2463, 18.2404
114 , 4130, 18.2404
115 , 2558, 18.2404
116 , 5233, 18.1419
117 , 11787, 18.1419
118 , 17478, 17.8271
119 , 6812, 17.8271
120 , 15804, 17.8271
121 , 6154, 18.0875
122 , 3503, 18.0875
123 , 18775, 18.0875
124 , 12434, 18.0875
125 , 18548, 18.0875
126 , 3820, 18.1419
127 , 11865, 17.8208
128 , 1205, 18.1419
129 , 14405, 18.1419
130 , 15979, 18.1419
131 , 8750, 18.0875
132 , 8947, 18.0321
133 , 7383, 18.0321
134 , 10844, 18.0321
135 , 14588, 17.8271
136 , 14439, 17.9038
137 , 1148, 17.9038
138 , 17888, 17.336
139 , 9083, 17.336
140 , 16817, 17.336
141 , 13659, 17.336
142 , 4893, 17.336
143 , 18970, 17.336
144 , 12084, 17.336
145 , 6518, 17.2816
146 , 12852, 17.2816
147 , 13887, 17.2816
148 , 19975, 17.2816
149 , 15443, 17.2816
150 , 19598, 17.336
151 , 1340, 17.2816
152 , 4701, 17.2816
153 , 16318, 17.2816
154 , 16875, 17.2816
155 , 5644, 17.2816
156 , 9085, 17.2816
157 , 18638, 17.2536
158 , 2421, 17.2536
159 , 1177, 16.8268
160 , 10829, 16.8268
161 , 8267, 16.8268
162 , 19170, 16.7724
163 , 1907, 16.8268
164 , 8949, 16.8268
165 , 153, 16.8268
166 , 3302, 17.1993
167 , 13593, 17.1993
168 , 5565, 17.2138
169 , 7542, 17.1993
170 , 4134, 17.2061
171 , 2327, 17.2061
172 , 7590, 17.1993
173 , 15167, 17.0681
174 , 9519, 17.0681
175 , 9293, 17.1137
176 , 4810, 17.1137
177 , 13276, 17.1042
178 , 7772, 17.0681
179 , 8366, 17.0681
180 , 3134, 17.0137
181 , 4253, 17.0156
182 , 18173, 17.0502
183 , 17424, 17.0156
184 , 18149, 17.0156
185 , 2940, 16.9091
186 , 13097, 17.0156
187 , 13565, 17.0156
188 , 8075, 17.0156
189 , 14825, 17.0156
190 , 4849, 17.0156
191 , 9599, 17.0156
192 , 3368, 16.967
193 , 12973, 16.967
194 , 11322, 16.967
195 , 7024, 16.8268
196 , 6992, 16.7724
197 , 2511, 16.7724
198 , 3757, 16.7724
199 , 11606, 16.7724
200 , 16499, 16.7724
201 , 10859, 16.7724
202 , 1025, 16.3484
203 , 11696, 16.7398
204 , 5618, 16.7407
205 , 9250, 16.6972
206 , 7408, 16.6428
207 , 16104, 16.6428
208 , 14318, 16.6428
209 , 11549, 16.6428
210 , 17772, 16.6428
211 , 2551, 16.7238
212 , 16766, 16.7238
213 , 3858, 16.7238
214 , 9245, 16.7238
215 , 269, 16.7238
216 , 4930, 16.7238
217 , 11929, 16.7238
218 , 11913, 16.7238
219 , 13690, 16.7004
220 , 2126, 16.7004
221 , 10360, 16.2255
222 , 18781, 16.2255
223 , 6043, 16.2255
224 , 18332, 16.216
225 , 13557, 16.216
226 , 15832, 16.1711
227 , 6132, 16.1711
228 , 8442, 16.216
229 , 10790, 16.1711
230 , 14660, 16.216
231 , 9333, 16.216
232 , 14746, 16.1711
233 , 14198, 16.162
234 , 4734, 16.162
235 , 14056, 16.162
236 , 653, 16.162
237 , 5998, 16.162
238 , 546, 16.162
239 , 2175, 16.162
240 , 4787, 16.162
241 , 5505, 16.162
242 , 10986, 16.162
243 , 8668, 16.162
244 , 10818, 16.162
245 , 3740, 16.162
246 , 8359, 16.162
247 , 19629, 16.162
248 , 8229, 16.162
249 , 1527, 16.162
250 , 5232, 16.162
251 , 4101, 16.162
252 , 4501, 15.9788
253 , 8331, 15.9788
254 , 13940, 15.896
255 , 10259, 15.896
256 , 4338, 15.896
257 , 626, 15.896
258 , 8589, 15.7626
259 , 15702, 16.0331
260 , 16046, 16.0331
261 , 10518, 16.1421
262 , 9071, 16.1421
263 , 15598, 16.162
264 , 19108, 16.1421
265 , 17557, 15.66
266 , 12493, 16.0412
267 , 6956, 16.0956
268 , 13144, 15.66
269 , 9674, 16.0956
270 , 1295, 15.8403
271 , 16782, 15.7626
272 , 2436, 15.7626
273 , 18356, 15.7859
274 , 10194, 16.0331
275 , 13089, 16.0412
276 , 18102, 16.0412
277 , 12167, 16.0412
278 , 11814, 16.0412
279 , 4572, 16.0331
280 , 1406, 16.0331
281 , 7071, 16.0331
282 , 19958, 15.9788
283 , 5708, 15.8076
284 , 3041, 15.8076
285 , 16846, 15.8076
286 , 19505, 15.8076
287 , 3224, 15.8076
288 , 6814, 15.7782
289 , 18554, 15.7238
290 , 9092, 15.7238
291 , 17247, 15.7238
292 , 8668, 15.7238
293 , 13324, 15.7083
294 , 12119, 15.7238
295 , 16495, 15.7238
296 , 18930, 15.7238
297 , 7377, 15.7238
298 , 4785, 15.7238
299 , 12899, 15.7238
300 , 1265, 15.7238
301 , 14725, 15.7238
302 , 18093, 15.7238
303 , 2817, 15.7238
304 , 5314, 15.7238
305 , 1352, 15.7238
306 , 844, 15.7083
307 , 18878, 15.7083
308 , 17578, 15.7083
309 , 4118, 15.7238
310 , 8817, 15.7238
311 , 14886, 15.6057
312 , 17626, 15.6057
313 , 19343, 15.6057
314 , 4311, 15.5254
315 , 1186, 15.5254
316 , 6393, 15.6057
317 , 4620, 15.66
318 , 16102, 15.5143
319 , 7743, 15.66
320 , 867, 15.66
321 , 4138, 15.6057
322 , 2549, 15.6057
323 , 16097, 15.6057
324 , 3775, 15.6057
325 , 5346, 15.6057
326 , 13052, 15.6057
327 , 17042, 15.5277
328 , 15862, 15.5254
329 , 7626, 15.5254
330 , 260, 15.5254
331 , 17126, 15.2413
332 , 919, 15.2413
333 , 12254, 15.2413
334 , 1227, 15.2413
335 , 1814, 15.2956
336 , 12023, 15.2956
337 , 11208, 15.2956
338 , 18792, 15.4711
339 , 15471, 15.4711
340 , 6348, 15.4711
341 , 1755, 15.4711
342 , 1168, 15.4711
343 , 5478, 15.4711
344 , 9097, 15.4711
345 , 12430, 15.4711
346 , 2995, 15.4711
347 , 17356, 15.4711
348 , 6416, 15.4711
349 , 14969, 15.4711
350 , 17169, 15.4711
351 , 15385, 15.4711
352 , 3903, 15.4711
353 , 1767, 15.4496
354 , 5885, 15.3397
355 , 13139, 15.3397
356 , 11234, 15.3397
357 , 2061, 14.9952
358 , 14423, 15.3173
359 , 7699, 15.3173
360 , 14618, 15.343
361 , 6293, 15.0507
362 , 5692, 15.3413
363 , 3214, 15.343
364 , 19518, 15.343
365 , 9333, 15.343
366 , 6797, 15.4496
367 , 10043, 15.4108
368 , 5582, 15.3884
369 , 11802, 15.334
370 , 11740, 15.3974
371 , 5237, 15.3974
372 , 17220, 15.343
373 , 11030, 15.3974
374 , 840, 15.343
375 , 19712, 15.343
376 , 436, 15.343
377 , 3451, 15.343
378 , 13007, 15.343
379 , 5213, 15.343
380 , 10630, 15.343
381 , 17211, 15.1715
382 , 7576, 15.1715
383 , 968, 15.1715
384 , 13652, 15.1715
385 , 12164, 15.0495
386 , 3948, 14.9952
387 , 16503, 15.2273
388 , 16998, 15.2273
389 , 7455, 15.2273
390 , 19964, 15.2273
391 , 1849, 15.2273
392 , 3640, 15.2273
393 , 11335, 15.2273
394 , 9572, 15.2273
395 , 12589, 15.2273
396 , 17172, 15.2273
397 , 8050, 15.0507
398 , 13928, 15.3173
399 , 16016, 15.334
400 , 14276, 15.334
401 , 10245, 15.334
402 , 6974, 15.334
403 , 2555, 15.334
404 , 1623, 15.0495
405 , 17417, 15.0495
406 , 14690, 14.9952
407 , 5790, 15.0495
408 , 17036, 14.9952
409 , 8358, 14.9952
410 , 16845, 15.0495
411 , 3972, 14.9952
412 , 19301, 14.9952
413 , 9735, 14.9298
414 , 19918, 14.9298
415 , 17615, 14.9952
416 , 8744, 14.9952
417 , 5205, 14.8874
418 , 7843, 14.8874
419 , 14894, 14.8874
420 , 49, 14.9952
421 , 18674, 14.9952
422 , 12692, 14.9952
423 , 13015, 14.9952
424 , 9314, 14.9952
425 , 7147, 14.9952
426 , 12668, 14.9952
427 , 10880, 14.9952
428 , 8655, 14.9952
429 , 4017, 14.9952
430 , 3994, 14.9952
431 , 2478, 14.9952
432 , 19786, 14.9952
433 , 2882, 14.9952
434 , 2515, 14.9952
435 , 10229, 14.9952
436 , 15525, 14.9952
437 , 3269, 14.9952
438 , 15729, 14.9952
439 , 1109, 14.9952
440 , 14488, 14.8123
441 , 12687, 14.8123
442 , 4732, 14.8123
443 , 2167, 14.8123
444 , 3520, 14.7579
445 , 19499, 14.9114
446 , 13876, 14.8874
447 , 1975, 14.8874
448 , 15621, 14.8874
449 , 9771, 14.8874
450 , 2756, 14.8874
451 , 8779, 14.8874
452 , 6508, 14.8123
453 , 978, 14.8874
454 , 17449, 14.8874
455 , 11495, 14.9114
456 , 11666, 14.8874
457 , 16924, 14.9114
458 , 5447, 14.9114
459 , 19988, 14.6977
460 , 17718, 14.9114
461 , 17508, 14.8144
462 , 4693, 14.9114
463 , 11167, 14.6977
464 , 19213, 14.6977
465 , 8246, 14.6977
466 , 15467, 14.6977
467 , 16884, 14.6977
468 , 11579, 14.6977
469 , 845, 14.6977
470 , 13012, 14.6977
471 , 6303, 14.7579
472 , 13360, 14.7292
473 , 15664, 14.7292
474 , 8350, 14.7579
475 , 5390, 14.7579
476 , 10021, 14.6977
477 , 11796, 14.7579
478 , 13008, 14.6977
479 , 19916, 14.6977
480 , 18461, 14.6977
481 , 7324, 14.7579
482 , 10748, 14.7292
483 , 16294, 14.7292
484 , 17413, 14.7292
485 , 2254, 14.749
486 , 4109, 14.749
487 , 10756, 14.6722
488 , 12897, 14.6722
489 , 15077, 14.6722
490 , 14732, 14.6722
491 , 3624, 14.6722
492 , 7081, 14.6722
493 , 16973, 14.6722
494 , 10545, 14.6722
495 , 11901, 14.6722
496 , 12387, 14.6722
497 , 11476, 14.6722
498 , 5607, 14.6977
499 , 9848, 14.6139
500 , 14561, 14.6139
501 , 15019, 14.6139
502 , 5825, 14.6139
503 , 19983, 14.6139
504 , 19317, 14.6139
505 , 5629, 14.6139
506 , 17140, 14.6977
507 , 9729, 14.6977
508 , 2911, 14.6559
509 , 18397, 14.6559
510 , 3628, 14.6559
511 , 18729, 14.6559
512 , 16993, 14.6559
513 , 5658, 14.6455
514 , 15375, 14.6455
515 , 4879, 14.6139
516 , 19868, 14.6139
517 , 5755, 14.6559
518 , 19670, 14.6559
519 , 17607, 14.6559
520 , 15858, 14.6559
521 , 1972, 14.5228
522 , 3098, 14.5228
523 , 5063, 14.5228
524 , 9622, 14.5228
525 , 16491, 14.4574
526 , 2120, 14.5228
527 , 2961, 14.5228
528 , 18696, 14.5228
529 , 8179, 14.5228
530 , 8121, 14.5228
531 , 6237, 14.5228
532 , 19284, 14.4941
533 , 18825, 14.4941
534 , 17682, 14.4941
535 , 11276, 14.4625
536 , 7090, 14.5228
537 , 13000, 14.4941
538 , 2961, 14.4941
539 , 19490, 14.4941
540 , 15113, 14.4941
541 , 14149, 14.5228
542 , 4936, 14.5228
543 , 15075, 14.4941
544 , 11313, 14.4941
545 , 19022, 14.4941
546 , 18117, 14.4941
547 , 2463, 14.4941
548 , 1900, 14.5228
549 , 4324, 14.5228
550 , 16764, 14.4625
551 , 2641, 14.4625
552 , 3940, 14.4625
553 , 6213, 14.4625
554 , 6751, 14.4625
555 , 14913, 14.4625
556 , 6430, 14.5228
557 , 10946, 14.5198
558 , 9050, 14.4574
559 , 11057, 14.4574
560 , 7007, 14.4574
561 , 18494, 14.4574
562 , 5595, 14.4574
563 , 7389, 14.4574
564 , 2713, 14.4574
565 , 5794, 14.5228
566 , 13515, 14.5228
567 , 9511, 14.5228
568 , 9895, 14.5228
569 , 11683, 14.4941
570 , 10495, 14.4625
571 , 3704, 14.4625
572 , 16680, 14.4574
573 , 7874, 14.4574
574 , 80, 14.4574
575 , 1300, 14.3842
576 , 11059, 14.3842
577 , 18947, 14.4941
578 , 14861, 14.4941
579 , 9714, 14.4605
580 , 14026, 14.2253
581 , 2399, 14.2253
582 , 18712, 14.2253
583 , 19733, 14.4574
584 , 1136, 14.4625
585 , 8120, 14.4889
586 , 2244, 14.4605
587 , 5588, 14.3899
588 , 4308, 14.4625
589 , 4820, 14.4941
590 , 13566, 14.4625
591 , 13678, 14.4605
592 , 14702, 14.3584
593 , 2612, 14.3584
594 , 16309, 14.3584
595 , 7916, 14.3584
596 , 16709, 14.3584
597 , 17499, 14.3584
598 , 1571, 14.3584
599 , 3217, 14.3584
600 , 2896, 14.3584
601 , 1133, 14.3584
602 , 12285, 14.4676
603 , 16647, 14.4676
604 , 18649, 14.4625
605 , 13101, 14.4605
606 , 464, 14.2253
607 , 14783, 14.2253
608 , 7963, 14.4605
609 , 15816, 14.4605
610 , 4169, 14.4605
611 , 19294, 14.4605
612 , 3143, 14.2253
613 , 10847, 14.2253
614 , 11382, 14.4605
615 , 15397, 14.3584
616 , 12062, 14.4625
617 , 11193, 14.4625
618 , 18209, 14.4574
619 , 1500, 14.4574
620 , 18283, 14.2253
621 , 3481, 14.2253
622 , 19431, 14.2253
623 , 801, 14.4625
624 , 9704, 14.4625
625 , 12725, 14.3584
626 , 1691, 14.3584
627 , 19541, 14.3584
628 , 11544, 14.3584
629 , 13258, 14.3584
630 , 17642, 14.3584
631 , 8184, 14.3691
632 , 29, 14.3691
633 , 3295, 14.2253
634 , 16289, 14.2253
635 , 19199, 14.2253
636 , 16698, 14.2253
637 , 16005, 14.2253
638 , 6546, 14.2253
639 , 4555, 14.2253
640 , 5974, 14.2253
641 , 6291, 14.2253
642 , 585, 14.2253
643 , 1510, 14.2253
644 , 18791, 14.2253
645 , 7764, 14.2253
646 , 5931, 14.2253
647 , 2696, 14.2253
648 , 5690, 14.2253
649 , 5473, 14.2253
650 , 14197, 14.3584
651 , 7867, 14.3584
652 , 2041, 14.3584
653 , 8099, 14.3584
654 , 17762, 14.2253
655 , 10292, 14.2253
656 , 14118, 14.2253
657 , 2321, 14.2253
658 , 17575, 14.2253
659 , 8484, 14.2253
660 , 14816, 14.2253
661 , 1589, 14.2253
662 , 11606, 14.2253
663 , 15120, 14.2253
664 , 18423, 14.2253
665 , 2530, 14.2253
666 , 7901, 14.2253
667 , 10910, 14.2253
668 , 2976, 14.2253
669 , 14134, 14.2253
670 , 3592, 14.2253
671 , 827, 14.2253
672 , 14658, 14.2253
673 , 5614, 14.2253
674 , 9654, 14.2253
675 , 3668, 14.314
676 , 8084, 14.314
677 , 3435, 14.4605
678 , 11439, 14.2253
679 , 13012, 14.4574
680 , 2329, 14.2253
681 , 5001, 14.2569
682 , 12934, 14.3527
683 , 1972, 14.2569
684 , 7983, 14.2253
685 , 5661, 14.2253
686 , 14455, 14.2253
687 , 19693, 14.2253
688 , 14752, 14.2253
689 , 9726, 14.2253
690 , 16729, 14.2253
691 , 19540, 14.2253
692 , 15601, 14.2253
693 , 510, 14.2253
694 , 15922, 14.2253
695 , 8979, 14.2253
696 , 19832, 14.2253
697 , 11929, 14.2253
698 , 6685, 14.2253
699 , 6657, 14.2253
700 , 9862, 14.2253
701 , 17989, 14.2253
702 , 17315, 14.2253
703 , 19737, 14.2253
704 , 16171, 14.2253
705 , 9527, 14.2253
706 , 18807, 14.2253
707 , 3650, 14.2253
708 , 5154, 14.2253
709 , 5539, 14.2253
710 , 8898, 14.2253
711 , 11010, 14.2253
712 , 19755, 14.2253
713 , 14429, 14.2253
714 , 3824, 14.2253
715 , 9334, 14.2253
716 , 19277, 14.2253
717 , 9959, 14.2253
718 , 10388, 14.2253
719 , 5411, 14.2253
720 , 3055, 14.2253
721 , 12035, 14.2253
722 , 6487, 14.2253
723 , 9797, 14.2253
724 , 10578, 14.2253
725 , 16567, 14.2253
726 , 4173, 14.2253
727 , 14436, 14.2253
728 , 8317, 14.2253
729 , 471, 14.2253
730 , 4148, 14.0992
731 , 13335, 14.0992
732 , 7347, 14.0992
733 , 10269, 14.0992
734 , 7307, 14.2253
735 , 355, 14.2253
736 , 497, 14.2253
737 , 18854, 14.2253
738 , 5433, 14.2253
739 , 19947, 14.2253
740 , 2226, 14.2253
741 , 9916, 14.2223
742 , 1171, 14.2223
743 , 6554, 14.2223
744 , 4395, 14.2223
745 , 6101, 14.2223
746 , 11430, 14.2223
747 , 8051, 14.2223
748 , 5021, 14.2253
749 , 1011, 14.2253
750 , 8024, 14.2253
751 , 18282, 14.2253
752 , 17558, 14.2253
753 , 14891, 14.2253
754 , 13703, 14.2253
755 , 13742, 14.2253
756 , 2905, 14.2253
757 , 487, 14.2253
758 , 11256, 14.2253
759 , 13810, 14.2253
760 , 10511, 14.2253
761 , 18552, 14.2253
762 , 19577, 14.2253
763 , 2715, 14.2253
764 , 930, 14.2253
765 , 4009, 14.2253
766 , 4977, 14.2253
767 , 11034, 14.2253
768 , 10624, 14.2253
769 , 7678, 14.2253
770 , 123, 14.2253
771 , 710, 14.2253
772 , 16354, 14.2253
773 , 3702, 14.2253
774 , 10145, 14.2253
775 , 10601, 14.2253
776 , 16604, 14.2253
777 , 17835, 14.2253
778 , 3369, 14.2253
779 , 11773, 14.2223
780 , 5924, 14.2223
781 , 6138, 14.2223
782 , 2891, 14.2223
783 , 5957, 14.2223
784 , 17148, 14.0768
785 , 11985, 14.0768
786 , 11263, 14.0768
787 , 5265, 14.0768
788 , 5519, 14.0768
789 , 15643, 14.0768
790 , 15019, 14.0768
791 , 17469, 14.0768
792 , 18091, 14.0768
793 , 15514, 14.0768
794 , 3962, 14.0768
795 , 10312, 14.0768
796 , 18152, 14.0768
797 , 15757, 14.0768
798 , 7224, 14.0768
799 , 15308, 14.0768
800 , 4344, 14.0768
801 , 3139, 14.0768
802 , 1229, 14.0768
803 , 14245, 14.0768
804 , 9321, 14.0768
805 , 11322, 14.0768
806 , 3895, 14.0768
807 , 4636, 14.0768
808 , 1079, 14.0768
809 , 4682, 14.0768
810 , 19675, 14.0768
811 , 1579, 14.0768
812 , 2900, 14.0768
813 , 13012, 14.0768
814 , 9674, 14.0768
815 , 13661, 14.0768
816 , 4578, 14.0768
817 , 1943, 14.0768
818 , 2231, 14.0768
819 , 1560, 14.0768
820 , 18467, 14.0768
821 , 18761, 14.0768
822 , 19536, 14.0768
823 , 848, 14.0768
824 , 1440, 14.0768
825 , 2485, 14.0768
826 , 11722, 14.0768
827 , 2020, 14.0737
828 , 18670, 14.0737
829 , 10002, 14.0768
830 , 12305, 14.0768
831 , 13799, 14.0737
832 , 1793, 14.0737
833 , 3511, 14.0737
834 , 13289, 14.0737
835 , 10902, 14.0737
836 , 8025, 14.0737
837 , 2578, 14.0768
838 , 12248, 14.0768
839 , 14, 14.0768
840 , 1073, 14.0768
841 , 2147, 14.0768
842 , 10446, 14.0768
843 , 18708, 14.0768
844 , 11824, 14.0768
845 , 17972, 14.0768
846 , 18963, 14.0768
847 , 2249, 14.0768
848 , 16833, 14.0768
849 , 17812, 14.0768
850 , 1118, 14.0768
851 , 18228, 14.0768
852 , 18575, 14.0768
853 , 8549, 14.0737
854 , 11444, 14.0737
855 , 1462, 14.0737
856 , 13943, 14.0737
857 , 18950, 14.0768
858 , 18177, 14.0768
859 , 18630, 14.0768
860 , 18551, 14.0768
861 , 1746, 14.0768
862 , 1091, 14.0768
863 , 2318, 14.0768
864 , 2244, 14.0768
865 , 1121, 14.0768
866 , 10261, 14.0768
867 , 11601, 14.0768
868 , 1699, 14.0768
869 , 17559, 14.0768
870 , 2135, 14.0768
871 , 12642, 14.0768
872 , 15145, 14.0768
873 , 457, 14.2253
874 , 15900, 14.2253
875 , 14761, 14.0768
876 , 13560, 14.0768
877 , 16692, 14.0768
878 , 14209, 14.0768
879 , 414, 14.2253
880 , 560, 14.2253
881 , 10243, 14.2253
882 , 15297, 14.2253
883 , 504, 14.2253
884 , 10510, 14.2253
885 , 5115, 14.2253
886 , 4994, 14.2253
887 , 9808, 14.2253
888 , 5111, 14.2253
889 , 10505, 14.2253
890 , 10581, 14.2253
891 , 87, 14.2253
892 , 10547, 14.2253
893 , 4724, 14.2253
894 , 10386, 14.2253
895 , 10324, 14.2253
896 , 7812, 14.2253
897 , 446, 14.2253
898 , 10538, 14.2253
899 , 14480, 14.2253
900 , 510, 14.2253
901 , 10727, 14.2253
902 , 11789, 14.2253
903 , 6625, 14.2253
904 , 14646, 14.0768
905 , 13485, 14.2253
906 , 463, 14.2253
907 , 2699, 14.2253
908 , 12346, 14.2223
909 , 436, 14.2253
910 , 10088, 14.2253
911 , 4921, 14.2253
912 , 9819, 14.2253
913 , 10049, 14.2253
914 , 9037, 14.2253
915 , 463, 14.2253
916 , 11100, 14.2253
917 , 9597, 14.2253
918 , 467, 14.2253
919 , 531, 14.2253
920 , 9972, 14.2253
921 , 404, 14.2253
922 , 11914, 14.2253
923 , 183, 14.2253
924 , 407, 14.2253
925 , 9446, 14.2253
926 , 7069, 14.2253
927 , 9373, 14.2253
928 , 10912, 14.2253
929 , 17910, 14.2253
930 , 10054, 14.2253
931 , 8267, 14.2253
932 , 10784, 14.2253
933 , 10689, 14.2253
934 , 10703, 14.2253
935 , 9922, 14.2253
936 , 18037, 14.2223
937 , 9847, 14.2253
938 , 8179, 14.2253
939 , 10484, 14.2253
940 , 531, 14.2253
941 , 254, 14.2253
942 , 9941, 14.2253
943 , 520, 14.2253
944 , 9978, 14.2253
945 , 13617, 14.2223
946 , 10478, 14.2253
947 , 10742, 14.2253
948 , 659, 14.2253
949 , 7289, 14.2253
950 , 10511, 14.2253
951 , 8838, 14.2223
952 , 17515, 14.2223
953 , 7521, 14.2253
954 , 10935, 14.2253
955 , 591, 14.2253
956 , 10240, 14.2253
957 , 10405, 14.2253
958 , 10211, 14.2253
959 , 10688, 14.2253
960 , 15124, 14.2223
961 , 191, 14.2223
962 , 10294, 14.2223
963 , 16302, 14.2223
964 , 16130, 14.2223
965 , 18163, 14.2223
966 , 19343, 14.2223
967 , 9850, 14.2223
968 , 18279, 14.2223
969 , 18184, 14.2253
970 , 10691, 14.2223
971 , 10564, 14.2253
972 , 17096, 14.2253
973 , 16715, 14.2253
974 , 6340, 14.2253
975 , 537, 14.2253
976 , 9668, 14.2253
977 , 11361, 14.2223
978 , 18258, 14.2223
979 , 2781, 14.2223
980 , 9549, 14.2223
981 , 5984, 14.2223
982 , 6239, 14.2223
983 , 8152, 14.2223
984 , 19363, 14.2223
985 , 17781, 14.2223
986 , 524, 14.2253
987 , 14682, 14.2223
988 , 15069, 14.2223
989 , 10342, 14.2223
990 , 11070, 14.2223
991 , 14920, 14.2223
992 , 5777, 14.2223
993 , 16987, 14.2223
994 , 19679, 14.2223
995 , 12003, 14.2223
996 , 16739, 14.2223
997 , 19419, 14.2223
998 , 19750, 14.0768
999 , 1885, 14.0768
1000 , 508, 14.0768
1001 , 6173, 14.0768
1002 , 13824, 14.0768
1003 , 5259, 14.0768
1004 , 7781, 14.0768
1005 , 15235, 14.0768
1006 , 23, 14.0768
1007 , 18823, 14.0768
1008 , 17955, 14.0768
1009 , 19165, 14.0768
1010 , 16272, 14.0768
1011 , 18854, 14.0768
1012 , 13817, 14.0768
1013 , 12894, 14.0768
1014 , 19606, 14.0768
1015 , 6821, 14.0768
1016 , 16168, 14.0768
1017 , 14212, 14.0768
1018 , 16550, 14.0768
1019 , 18906, 14.0768
1020 , 18154, 14.0768
1021 , 18796, 14.0768
1022 , 19115, 14.0768
1023 , 18302, 14.0768
1024 , 17082, 14.0768
1025 , 18201, 14.0768
1026 , 18981, 14.0768
1027 , 17523, 14.0768
1028 , 18073, 14.0768
1029 , 16292, 14.0768
1030 , 16500, 14.0768
1031 , 17875, 14.0768
1032 , 14990, 14.0768
1033 , 18205, 14.0768
1034 , 11595, 14.0768
1035 , 17228, 14.0768
1036 , 35, 14.0768
1037 , 13961, 14.0768
1038 , 17522, 14.0768
1039 , 17761, 14.0768
1040 , 11236, 14.0768
1041 , 19679, 14.0768
1042 , 19593, 14.0768
1043 , 10268, 14.0768
1044 , 19743, 14.0768
1045 , 13011, 14.0768
1046 , 19703, 14.0768
1047 , 16945, 14.0768
1048 , 2903, 14.0768
1049 , 18938, 14.0768
1050 , 8416, 14.0768
1051 , 10979, 14.0768
1052 , 9889, 14.2253
1053 , 6786, 14.2253
1054 , 2395, 14.2253
1055 , 7605, 14.2253
1056 , 9402, 14.2253
1057 , 10265, 14.2253
1058 , 495, 14.2253
1059 , 10365, 14.2253
1060 , 11874, 14.0836
1061 , 12910, 14.2253
1062 , 11261, 14.2253
1063 , 17310, 14.2253
1064 , 1578, 14.0768
1065 , 2696, 14.0768
1066 , 9733, 14.2253
1067 , 7510, 14.2253
1068 , 518, 14.2253
1069 , 3948, 14.2253
1070 , 575, 14.2253
1071 , 6830, 14.2253
1072 , 8064, 14.2253
1073 , 10416, 14.2253
1074 , 10149, 14.2253
1075 , 9534, 14.2253
1076 , 15772, 14.0768
1077 , 482, 14.0768
1078 , 7099, 14.0768
1079 , 19621, 14.0768
1080 , 18900, 14.0768
1081 , 485, 14.2253
1082 , 9560, 14.2253
1083 , 9881, 14.2253
1084 , 10400, 14.2253
1085 , 321, 14.2253
1086 , 9581, 14.2253
1087 , 341, 14.2253
1088 , 9785, 14.2253
1089 , 10497, 14.2253
1090 , 9591, 14.2253
1091 , 9583, 14.2253
1092 , 8010, 14.2253
1093 , 761, 14.2253
1094 , 407, 14.2253
1095 , 10353, 14.2253
1096 , 445, 14.2253
1097 , 10619, 14.2253
1098 , 553, 14.2253
1099 , 518, 14.2253
1100 , 470, 14.2253
1101 , 2533, 14.2253
1102 , 400, 14.2253
1103 , 665, 14.2253
1104 , 6790, 14.2253
1105 , 513, 14.2253
1106 , 14280, 14.2253
1107 , 14731, 14.2253
1108 , 4349, 14.2253
1109 , 10493, 14.2253
1110 , 9978, 14.2253
1111 , 17673, 14.2253
1112 , 443, 14.2253
1113 , 519, 14.2253
1114 , 8666, 14.2253
1115 , 4745, 14.2253
1116 , 394, 14.2253
1117 , 5101, 14.2253
1118 , 14246, 14.2253
1119 , 9160, 14.2253
1120 , 15145, 14.2253
1121 , 14291, 14.2253
1122 , 4172, 14.2253
1123 , 612, 14.2253
1124 , 10299, 14.2253
1125 , 140, 14.2253
1126 , 157, 14.2253
1127 , 19688, 14.2253
1128 , 7184, 14.1226
1129 , 535, 14.2253
1130 , 14974, 14.2253
1131 , 585, 14.2253
1132 , 12923, 14.2253
1133 , 10852, 14.2253
1134 , 10373, 14.2253
1135 , 9813, 14.2253
1136 , 10495, 14.2253
1137 , 10553, 14.2253
1138 , 17324, 14.0768
1139 , 429, 14.0768
1140 , 16076, 14.0768
1141 , 15951, 14.0768
1142 , 6124, 14.0768
1143 , 18272, 14.0768
1144 , 12704, 14.0768
1145 , 1643, 14.0768
1146 , 3802, 14.0768
1147 , 16399, 14.0768
1148 , 9032, 14.0768
1149 , 16058, 14.0768
1150 , 19256, 14.0768
1151 , 8931, 14.0768
1152 , 11013, 14.0768
1153 , 4957, 14.0768
1154 , 8246, 14.0768
1155 , 19893, 14.0768
1156 , 4232, 14.0768
1157 , 10658, 14.0768
1158 , 10364, 14.2253
1159 , 880, 14.2253
1160 , 10521, 14.2253
1161 , 14260, 14.2223
1162 , 12762, 14.2223
1163 , 11759, 14.2223
1164 , 18900, 14.2223
1165 , 19198, 14.2223
1166 , 16457, 14.2223
1167 , 17804, 14.2223
1168 , 19730, 14.2223
1169 , 18097, 14.2223
1170 , 11505, 14.2223
1171 , 1549, 14.0768
1172 , 2029, 14.0768
1173 , 6474, 14.0768
1174 , 4005, 14.0768
1175 , 17624, 14.2223
1176 , 16114, 14.2223
1177 , 17324, 14.2223
1178 , 7, 14.2223
1179 , 19331, 14.2223
1180 , 7609, 14.0768
1181 , 6824, 14.0768
1182 , 17132, 14.0768
1183 , 10556, 14.2253
1184 , 1621, 14.2253
1185 , 10796, 14.2253
1186 , 11083, 14.2253
1187 , 10354, 14.2253
1188 , 843, 14.2253
1189 , 10891, 14.2253
1190 , 12725, 14.2253
1191 , 1817, 14.2253
1192 , 8341, 14.2253
1193 , 10636, 14.2253
1194 , 19533, 14.2253
1195 , 11834, 14.2223
1196 , 2192, 14.2253
1197 , 1098, 14.2253
1198 , 11101, 14.2253
1199 , 11054, 14.2253
1200 , 2287, 14.2253
1201 , 11292, 14.2253
1202 , 11526, 14.0768
1203 , 16860, 14.0768
1204 , 15453, 14.0768
1205 , 2476, 14.2253
1206 , 9409, 14.2223
1207 , 19216, 14.2223
1208 , 11448, 14.2253
1209 , 11330, 14.2253
1210 , 2632, 14.0768
1211 , 10494, 14.0768
1212 , 12441, 14.0768
1213 , 12991, 14.0768
1214 , 12219, 14.0768
1215 , 18884, 14.0768
1216 , 16788, 14.0768
1217 , 17867, 14.0768
1218 , 18598, 14.0768
1219 , 19696, 14.0768
1220 , 5169, 14.0768
1221 , 5277, 14.0768
1222 , 19497, 14.0768
1223 , 18420, 14.0768
1224 , 19635, 14.0768
1225 , 2775, 14.0768
1226 , 109, 14.0768
1227 , 18529, 14.0768
1228 , 440, 14.0768
1229 , 19174, 14.0768
1230 , 12142, 14.0768
1231 , 1212, 14.0768
1232 , 9374, 14.0768
1233 , 11472, 14.0768
1234 , 358, 14.0768
1235 , 10098, 14.0768
1236 , 8829, 14.0768
1237 , 1295, 14.0768
1238 , 9222, 14.0768
1239 , 8956, 14.0768
1240 , 11771, 14.0768
1241 , 17763, 14.0768
1242 , 1666, 14.0768
1243 , 19375, 14.0768
1244 , 4595, 14.0768
1245 , 10274, 14.103
1246 , 11068, 14.103
1247 , 1124, 14.0768
1248 , 12929, 14.0768
1249 , 10804, 14.0768
1250 , 7466, 14.0768
1251 , 10314, 14.0768
1252 , 10190, 14.0768
1253 , 1033, 14.0768
1254 , 19510, 14.0768
1255 , 4466, 14.0768
1256 , 10893, 14.0768
1257 , 12093, 14.0768
1258 , 12239, 14.0768
1259 , 14149, 14.0768
1260 , 4718, 14.0768
1261 , 19790, 14.0768
1262 , 14748, 14.0768
1263 , 1561, 14.0768
1264 , 250, 14.0768
1265 , 19345, 14.0768
1266 , 259, 14.0768
1267 , 204, 14.0768
1268 , 2395, 14.0768
1269 , 2642, 14.0768
1270 , 19879, 14.0768
1271 , 19654, 14.0768
1272 , 6472, 14.0768
1273 , 19917, 14.0768
1274 , 11666, 14.0768
1275 , 9797, 14.0768
1276 , 281, 14.0768
1277 , 9809, 14.0768
1278 , 536, 14.0768
1279 , 5139, 14.0768
1280 , 295, 14.0768
1281 , 12611, 14.0768
1282 , 258, 14.0768
1283 , 8271, 14.0768
1284 , 12743, 14.0768
1285 , 12212, 14.0768
1286 , 116, 14.0768
1287 , 19833, 14.0768
1288 , 134, 14.0768
1289 , 10659, 14.0768
1290 , 10454, 14.0768
1291 , 12603, 14.0768
1292 , 12863, 14.0768
1293 , 11928, 14.0768
1294 , 12187, 14.0768
1295 , 11515, 14.0768
1296 , 13154, 14.0768
1297 , 12222, 14.0768
1298 , 11301, 14.0768
1299 , 12618, 14.0768
1300 , 13084, 14.0768
1301 , 13897, 14.0768
1302 , 13322, 14.0768
1303 , 13310, 14.0768
1304 , 13484, 14.0768
1305 , 545, 14.0768
1306 , 12031, 14.0768
1307 , 13376, 14.0768
1308 , 16291, 14.0768
1309 , 11321, 14.0768
1310 , 13568, 14.0768
1311 , 14951, 14.0768
1312 , 14864, 14.0768
1313 , 14397, 14.0768
1314 , 13961, 14.0768
1315 , 13366, 14.0768
1316 , 8081, 14.0768
1317 , 9862, 14.0768
1318 , 648, 14.0768
1319 , 16711, 14.0768
1320 , 417, 14.0768
1321 , 5317, 14.0768
1322 , 16646, 14.0768
1323 , 5774, 14.0768
1324 , 514, 14.0768
1325 , 15376, 14.0768
1326 , 15507, 14.0768
1327 , 1709, 14.0737
1328 , 6181, 14.0737
1329 , 9702, 14.0768
1330 , 16195, 14.0768
1331 , 10789, 14.0768
1332 , 15604, 14.0768
1333 , 708, 14.0768
1334 , 4605, 14.0768
1335 , 10868, 14.0768
1336 , 585, 14.0768
1337 , 679, 14.0768
1338 , 565, 14.0768
1339 , 9443, 14.0768
1340 , 9969, 14.0768
1341 , 3516, 14.0737
1342 , 17420, 14.0737
1343 , 12842, 14.0737
1344 , 19704, 14.0737
1345 , 8901, 14.0737
1346 , 4696, 14.0737
1347 , 9714, 14.0737
1348 , 9806, 14.0768
1349 , 693, 14.0768
1350 , 9943, 14.0768
1351 , 10459, 14.0768
1352 , 10458, 14.0768
1353 , 10612, 14.0768
1354 , 10282, 14.0768
1355 , 730, 14.0768
1356 , 10450, 14.0768
1357 , 12132, 14.0737
1358 , 10647, 14.0768
1359 , 9921, 14.0768
1360 , 10741, 14.0768
1361 , 10711, 14.0768
1362 , 10082, 14.0768
1363 , 844, 14.0768
1364 , 10172, 14.0768
1365 , 10277, 14.0768
1366 , 10611, 14.0768
1367 , 11838, 14.0768
1368 , 910, 14.0768
1369 , 10897, 14.0768
1370 , 11098, 14.0768
1371 , 10108, 14.0768
1372 , 11205, 14.0768
1373 , 10584, 14.0768
1374 , 10354, 14.0768
1375 , 1157, 14.0768
1376 , 1147, 14.0768
1377 , 19227, 14.0737
1378 , 1257, 14.0768
1379 , 10825, 14.0768
1380 , 1312, 14.0768
1381 , 2962, 14.0737
1382 , 2023, 14.0737
1383 , 10124, 14.0768
1384 , 1482, 14.0768
1385 , 1546, 14.0768
1386 , 10696, 14.0768
1387 , 10836, 14.0768
1388 , 850, 14.0768
1389 , 10946, 14.0768
1390 , 866, 14.0768
1391 , 1799, 14.0768
1392 , 11248, 14.0768
1393 , 2014, 14.0768
1394 , 2044, 14.0768
1395 , 11256, 14.0768
1396 , 10894, 14.0768
1397 , 10689, 14.0768
1398 , 10827, 14.0768
1399 , 2169, 14.0768
1400 , 2193, 14.0768
1401 , 11038, 14.0768
1402 , 2327, 14.0768
1403 , 12432, 14.0737
1404 , 19072, 14.0737
1405 , 10971, 14.0737
1406 , 11291, 14.0768
1407 , 3045, 14.0737
1408 , 2707, 14.0768
1409 , 11453, 14.0768
1410 , 11331, 14.0768
1411 , 11307, 14.0768
1412 , 11567, 14.0768
1413 , 11357, 14.0768
1414 , 7591, 14.0737
1415 , 2313, 14.0737
1416 , 13456, 14.0737
1417 , 6060, 14.0737
1418 , 19371, 14.0737
1419 , 130, 14.0737
1420 , 965, 14.0737
1421 , 1421, 14.0737
1422 , 16683, 14.0737
1423 , 5329, 14.0737
1424 , 15949, 14.0737
1425 , 16967, 14.0711
1426 , 208, 14.0737
1427 , 19296, 14.0737
1428 , 15545, 14.0737
1429 , 2199, 14.0737
1430 , 258, 14.0737
1431 , 19046, 14.0737
1432 , 277, 14.0737
1433 , 760, 14.0737
1434 , 136, 14.0737
1435 , 95, 14.0737
1436 , 16668, 14.0737
1437 , 679, 14.0737
1438 , 19188, 14.0737
1439 , 19539, 14.0737
1440 , 19704, 14.0737
1441 , 805, 14.0737
1442 , 19785, 14.0737
1443 , 18722, 14.0737
1444 , 18818, 14.0737
1445 , 19711, 14.0737
1446 , 19459, 14.0737
1447 , 632, 14.0737
1448 , 258, 14.0737
1449 , 16290, 14.0737
1450 , 19405, 14.0737
1451 , 250, 14.0737
1452 , 19555, 14.0737
1453 , 19768, 14.0737
1454 , 19914, 14.0737
1455 , 19882, 14.0737
1456 , 19754, 14.0737
1457 , 19822, 14.0737
1458 , 19812, 14.0737
1459 , 19725, 14.0737
1460 , 95, 14.0737
1461 , 19386, 14.0737
1462 , 162, 14.0737
1463 , 19675, 14.0737
1464 , 19783, 14.0737
1465 , 19664, 14.0737
1466 , 19758, 14.0737
1467 , 19673, 14.0737
1468 , 19581, 14.0737
1469 , 125, 14.0737
1470 , 19601, 14.0737
1471 , 19617, 14.0737
1472 , 19684, 14.0737
1473 , 19671, 14.0737
1474 , 126, 14.0737
1475 , 10791, 14.0737
1476 , 9761, 14.0737
1477 , 3817, 14.0737
1478 , 14453, 14.0737
1479 , 14072, 14.0737
1480 , 13059, 14.0737
1481 , 4054, 14.0737
1482 , 4129, 14.0737
1483 , 14625, 14.0737
1484 , 14055, 14.0737
1485 , 4289, 14.0737
1486 , 4729, 14.0737
1487 , 4363, 14.0737
1488 , 13977, 14.0737
1489 , 9756, 14.0737
1490 , 9052, 14.0737
1491 , 4958, 14.0737
1492 , 4893, 14.0737
1493 , 4760, 14.0737
1494 , 10931, 14.0737
1495 , 10402, 14.0737
1496 , 4304, 14.0737
1497 , 4419, 14.0737
1498 , 9817, 14.0737
1499 , 13819, 14.0737
1500 , 14888, 14.0737
1501 , 10709, 14.0737
1502 , 5329, 14.0737
1503 , 9977, 14.0737
1504 , 10186, 14.0737
1505 , 5418, 14.0737
1506 , 10269, 14.0737
1507 , 5508, 14.0737
1508 , 10588, 14.0737
1509 , 14877, 14.0737
1510 , 15276, 14.0737
1511 , 10489, 14.0737
1512 , 9606, 14.0737
1513 , 10641, 14.0737
1514 , 15476, 14.0737
1515 , 9878, 14.0737
1516 , 10126, 14.0737
1517 , 9612, 14.0737
1518 , 5209, 14.0737
1519 , 9409, 14.0737
1520 , 10785, 14.0737
1521 , 10715, 14.0737
1522 , 9709, 14.0737
1523 , 6610, 14.0737
1524 , 10526, 14.0737
1525 , 6258, 14.0737
1526 , 9741, 14.0737
1527 , 15887, 14.0737
1528 , 10043, 14.0737
1529 , 10611, 14.0737
1530 , 6404, 14.0737
1531 , 6142, 14.0737
1532 , 9651, 14.0737
1533 , 9498, 14.0737
1534 , 10362, 14.0737
1535 , 10492, 14.0737
1536 , 6150, 14.0737
1537 , 9462, 14.0737
1538 , 10350, 14.0737
1539 , 10112, 14.0737
1540 , 10965, 14.0737
1541 , 6955, 14.0737
1542 , 312, 14.0737
1543 , 10090, 14.0737
1544 , 6392, 14.0737
1545 , 10877, 14.0737
1546 , 10405, 14.0737
1547 , 10224, 14.0737
1548 , 11009, 14.0737
1549 , 10124, 14.0737
1550 , 10163, 14.0737
1551 , 10174, 14.0737
1552 , 11461, 14.0737
1553 , 10345, 14.0737
1554 , 10419, 14.0737
1555 , 11019, 14.0737
1556 , 10723, 14.0737
1557 , 5466, 14.0711
1558 , 9795, 14.0737
1559 , 10850, 14.0737
1560 , 10863, 14.0737
1561 , 10127, 14.0737
1562 , 7339, 14.0737
1563 , 9875, 14.0737
1564 , 19774, 14.0711
1565 , 16120, 14.0711
1566 , 10957, 14.0737
1567 , 7214, 14.0737
1568 , 10686, 14.0737
1569 , 9518, 14.0737
1570 , 10585, 14.0737
1571 , 10425, 14.0737
1572 , 11059, 14.0737
1573 , 9762, 14.0737
1574 , 10208, 14.0737
1575 , 10228, 14.0737
1576 , 10604, 14.0737
1577 , 10895, 14.0737
1578 , 394, 14.0737
1579 , 10732, 14.0737
1580 , 410, 14.0737
1581 , 10280, 14.0737
1582 , 10789, 14.0737
1583 , 10786, 14.0737
1584 , 10298, 14.0737
1585 , 9912, 14.0737
1586 , 10257, 14.0737
1587 , 9736, 14.0737
1588 , 10009, 14.0737
1589 , 7424, 14.0737
1590 , 10496, 14.0737
1591 , 10445, 14.0737
1592 , 401, 14.0737
1593 , 10498, 14.0737
1594 , 7979, 14.0737
1595 , 8518, 14.0737
1596 , 10410, 14.0737
1597 , 10414, 14.0737
1598 , 10127, 14.0737
1599 , 10196, 14.0737
1600 , 10316, 14.0737
1601 , 10407, 14.0737
1602 , 10550, 14.0737
1603 , 10414, 14.0737
1604 , 10425, 14.0737
1605 , 10458, 14.0737
1606 , 10341, 14.0737
1607 , 11008, 14.0737
1608 , 10585, 14.0737
1609 , 10160, 14.0737
1610 , 10513, 14.0737
1611 , 10173, 14.0737
1612 , 17013, 14.0711
1613 , 10449, 14.0711
1614 , 10516, 14.0737
1615 , 503, 14.0737
1616 , 10760, 14.0737
1617 , 9918, 14.0737
1618 , 10573, 14.0737
1619 , 10411, 14.0737
1620 , 534, 14.0737
1621 , 11023, 14.0737
1622 , 10578, 14.0737
1623 , 10867, 14.0737
1624 , 10154, 14.0737
1625 , 10508, 14.0737
1626 , 10835, 14.0737
1627 , 10007, 14.0737
1628 , 10530, 14.0737
1629 , 10140, 14.0737
1630 , 10463, 14.0737
1631 , 10266, 14.0737
1632 , 10444, 14.0737
1633 , 10422, 14.0737
1634 , 10831, 14.0737
1635 , 10343, 14.0737
1636 , 10586, 14.0737
1637 , 10747, 14.0737
1638 , 10188, 14.0737
1639 , 10419, 14.0737
1640 , 11255, 14.0737
1641 , 10577, 14.0737
1642 , 10594, 14.0737
1643 , 10850, 14.0737
1644 , 10645, 14.0737
1645 , 10811, 14.0737
1646 , 10893, 14.0737
1647 , 781, 14.0737
1648 , 10662, 14.0737
1649 , 10927, 14.0737
1650 , 11069, 14.0737
1651 , 10914, 14.0737
1652 , 749, 14.0737
1653 , 11101, 14.0737
1654 , 10377, 14.0737
1655 , 10961, 14.0737
1656 , 10862, 14.0737
1657 , 10924, 14.0737
1658 , 9434, 14.0737
1659 , 10873, 14.0737
1660 , 10877, 14.0737
1661 , 10375, 14.0737
1662 , 10510, 14.0737
1663 , 10631, 14.0737
1664 , 10489, 14.0737
1665 , 10751, 14.0737
1666 , 10837, 14.0737
1667 , 10939, 14.0737
1668 , 11003, 14.0737
1669 , 11028, 14.0737
1670 , 10818, 14.0737
1671 , 10667, 14.0737
1672 , 736, 14.0737
1673 , 10676, 14.0737
1674 , 9945, 14.0737
1675 , 11089, 14.0737
1676 , 10776, 14.0737
1677 , 10300, 14.0737
1678 , 10495, 14.0737
1679 , 10316, 14.0737
1680 , 10848, 14.0737
1681 , 10734, 14.0737
1682 , 10684, 14.0737
1683 , 10677, 14.0737
1684 , 11004, 14.0737
1685 , 10728, 14.0737
1686 , 11046, 14.0737
1687 , 10497, 14.0737
1688 , 10653, 14.0737
1689 , 10907, 14.0737
1690 , 10895, 14.0737
1691 , 10695, 14.0737
1692 , 10928, 14.0737
1693 , 10541, 14.0737
1694 , 10325, 14.0737
1695 , 11044, 14.0737
1696 , 791, 14.0737
1697 , 10933, 14.0737
1698 , 10912, 14.0737
1699 , 10730, 14.0737
1700 , 10620, 14.0737
1701 , 10722, 14.0737
1702 , 10733, 14.0737
1703 , 10439, 14.0737
1704 , 10852, 14.0737
1705 , 10897, 14.0737
1706 , 10946, 14.0737
1707 , 10849, 14.0737
1708 , 10700, 14.0737
1709 , 11031, 14.0737
1710 , 11035, 14.0737
1711 , 11368, 14.0737
1712 , 10450, 14.0737
1713 , 10623, 14.0737
1714 , 10424, 14.0737
1715 , 10567, 14.0737
1716 , 10894, 14.0737
1717 , 10786, 14.0737
1718 , 837, 14.0737
1719 , 10802, 14.0737
1720 , 11085, 14.0737
1721 , 10883, 14.0737
1722 , 10915, 14.0737
1723 , 10755, 14.0737
1724 , 10622, 14.0737
1725 , 10707, 14.0737
1726 , 10939, 14.0737
1727 , 10560, 14.0737
1728 , 10804, 14.0737
1729 , 10968, 14.0737
1730 , 10422, 14.0737
1731 , 10846, 14.0737
1732 , 10903, 14.0737
1733 , 10434, 14.0737
1734 , 10125, 14.0737
1735 , 10680, 14.0737
1736 , 10613, 14.0737
1737 , 9432, 14.0737
1738 , 18044, 14.0737
1739 , 10691, 14.0737
1740 , 10971, 14.0737
1741 , 845, 14.0737
1742 , 2310, 14.0711
1743 , 15819, 14.0711
1744 , 10991, 14.0737
1745 , 10880, 14.0737
1746 , 10292, 14.0737
1747 , 10966, 14.0737
1748 , 9238, 14.0737
1749 , 11049, 14.0737
1750 , 814, 14.0737
1751 , 10825, 14.0737
1752 , 10767, 14.0737
1753 , 11071, 14.0737
1754 , 10992, 14.0737
1755 , 10477, 14.0737
1756 , 1751, 14.0711
1757 , 11269, 14.0737
1758 , 10776, 14.0737
1759 , 10757, 14.0737
1760 , 10802, 14.0737
1761 , 10904, 14.0737
1762 , 10736, 14.0737
1763 , 10690, 14.0737
1764 , 10828, 14.0737
1765 , 10816, 14.0737
1766 , 11270, 14.0737
1767 , 11086, 14.0737
1768 , 10912, 14.0737
1769 , 10906, 14.0737
1770 , 11198, 14.0737
1771 , 11003, 14.0737
1772 , 11385, 14.0737
1773 , 10601, 14.0737
1774 , 11316, 14.0737
1775 , 10856, 14.0737
1776 , 10774, 14.0737
1777 , 11156, 14.0737
1778 , 10894, 14.0737
1779 , 11384, 14.0737
1780 , 10838, 14.0737
1781 , 11123, 14.0737
1782 , 11211, 14.0737
1783 , 11036, 14.0737
1784 , 10709, 14.0737
1785 , 10902, 14.0737
1786 , 11035, 14.0737
1787 , 11244, 14.0737
1788 , 11225, 14.0737
1789 , 10851, 14.0737
1790 , 11179, 14.0737
1791 , 11193, 14.0737
1792 , 10723, 14.0737
1793 , 10662, 14.0737
1794 , 11108, 14.0737
1795 , 10770, 14.0737
1796 , 11034, 14.0737
1797 , 10868, 14.0737
1798 , 11318, 14.0737
1799 , 9418, 14.0737
1800 , 10742, 14.0737
1801 , 1027, 14.0737
1802 , 10969, 14.0737
1803 , 10817, 14.0737
1804 , 14085, 14.0711
1805 , 11899, 14.0711
1806 , 17328, 14.0711
1807 , 582, 14.0711
1808 , 19898, 14.0711
1809 , 741, 14.0711
1810 , 13164, 14.0711
1811 , 11991, 14.0711
1812 , 12929, 14.0711
1813 , 8153, 14.0711
1814 , 2250, 14.0711
1815 , 834, 14.0737
1816 , 11184, 14.0737
1817 , 10545, 14.0737
1818 , 10503, 14.0737
1819 , 10642, 14.0737
1820 , 10431, 14.0737
1821 , 760, 14.0737
1822 , 10971, 14.0737
1823 , 8759, 14.0737
1824 , 10709, 14.0737
1825 , 11113, 14.0737
1826 , 10569, 14.0737
1827 , 10747, 14.0737
1828 , 10373, 14.0737
1829 , 10441, 14.0737
1830 , 10913, 14.0737
1831 , 10935, 14.0737
1832 , 10316, 14.0737
1833 , 690, 14.0737
1834 , 10492, 14.0737
1835 , 10465, 14.0737
1836 , 10404, 14.0737
1837 , 10386, 14.0737
1838 , 11006, 14.0737
1839 , 10859, 14.0737
1840 , 10636, 14.0737
1841 , 10437, 14.0737
1842 , 10944, 14.0737
1843 , 10554, 14.0737
1844 , 10552, 14.0737
1845 , 10857, 14.0737
1846 , 10370, 14.0737
1847 , 9930, 14.0737
1848 , 10655, 14.0737
1849 , 10493, 14.0737
1850 , 10704, 14.0737
1851 , 10592, 14.0737
1852 , 16706, 14.0711
1853 , 16798, 14.0711
1854 , 16770, 14.0711
1855 , 18691, 14.0711
1856 , 15636, 14.0711
1857 , 5766, 14.0711
1858 , 18025, 14.0711
1859 , 15628, 14.0711
1860 , 16817, 14.0711
1861 , 19249, 14.0711
1862 , 950, 14.0711
1863 , 10356, 14.0737
1864 , 5308, 14.0711
1865 , 10778, 14.0737
1866 , 10913, 14.0737
1867 , 10482, 14.0737
1868 , 10746, 14.0737
1869 , 10916, 14.0737
1870 , 10831, 14.0737
1871 , 10784, 14.0737
1872 , 11165, 14.0737
1873 , 826, 14.0737
1874 , 10907, 14.0737
1875 , 11156, 14.0737
1876 , 10543, 14.0737
1877 , 10623, 14.0737
1878 , 10999, 14.0737
1879 , 10915, 14.0737
1880 , 11044, 14.0737
1881 , 852, 14.0737
1882 , 10934, 14.0737
1883 , 10835, 14.0737
1884 , 11141, 14.0737
1885 , 10269, 14.0737
1886 , 10929, 14.0737
1887 , 10693, 14.0737
1888 , 10723, 14.0737
1889 , 10854, 14.0737
1890 , 10869, 14.0737
1891 , 4056, 14.0711
1892 , 15995, 14.0711
1893 , 18107, 14.0711
1894 , 17582, 14.0711
1895 , 18473, 14.0711
1896 , 12835, 14.0711
1897 , 18783, 14.0711
1898 , 2397, 14.0711
1899 , 2766, 14.0711
1900 , 5017, 14.0711
1901 , 10514, 14.0737
1902 , 910, 14.0737
1903 , 10982, 14.0737
1904 , 10835, 14.0737
1905 , 10902, 14.0737
1906 , 10943, 14.0737
1907 , 10325, 14.0737
1908 , 8922, 14.0737
1909 , 10680, 14.0737
1910 , 10366, 14.0737
1911 , 10975, 14.0737
1912 , 10718, 14.0737
1913 , 10521, 14.0737
1914 , 10427, 14.0737
1915 , 10807, 14.0737
1916 , 10917, 14.0737
1917 , 11343, 14.0737
1918 , 10925, 14.0737
1919 , 11039, 14.0737
1920 , 10884, 14.0737
1921 , 10687, 14.0737
1922 , 7251, 14.0711
1923 , 10164, 14.0711
1924 , 9658, 14.0711
1925 , 10552, 14.0737
1926 , 11199, 14.0737
1927 , 10476, 14.0737
1928 , 10794, 14.0737
1929 , 10724, 14.0737
1930 , 11202, 14.0737
1931 , 11004, 14.0737
1932 , 10690, 14.0737
1933 , 11113, 14.0737
1934 , 10610, 14.0737
1935 , 10751, 14.0737
1936 , 10813, 14.0737
1937 , 11205, 14.0737
1938 , 10410, 14.0737
1939 , 11183, 14.0737
1940 , 11044, 14.0737
1941 , 11107, 14.0737
1942 , 11243, 14.0737
1943 , 11103, 14.0737
1944 , 10951, 14.0737
1945 , 10891, 14.0737
1946 , 10837, 14.0737
1947 , 1006, 14.0737
1948 , 11227, 14.0737
1949 , 11235, 14.0737
1950 , 9803, 14.0737
1951 , 960, 14.0737
1952 , 10878, 14.0737
1953 , 10777, 14.0737
1954 , 11236, 14.0737
1955 , 11000, 14.0737
1956 , 1001, 14.0737
1957 , 10983, 14.0737
1958 , 10808, 14.0737
1959 , 11092, 14.0737
1960 , 10909, 14.0737
1961 , 10946, 14.0737
1962 , 10689, 14.0737
1963 , 11176, 14.0737
1964 , 9914, 14.0711
1965 , 19457, 14.0711
1966 , 11563, 14.0737
1967 , 10915, 14.0737
1968 , 11197, 14.0737
1969 , 11141, 14.0737
1970 , 10952, 14.0737
1971 , 11513, 14.0737
1972 , 11170, 14.0737
1973 , 10719, 14.0737
1974 , 11364, 14.0737
1975 , 10679, 14.0737
1976 , 11217, 14.0737
1977 , 11220, 14.0737
1978 , 1032, 14.0737
1979 , 17141, 14.0711
1980 , 4100, 14.0711
1981 , 19486, 14.0711
1982 , 18152, 14.0711
1983 , 13690, 14.0711
1984 , 15214, 14.0711
1985 , 10436, 14.0711
1986 , 7691, 14.0711
1987 , 15153, 14.0711
1988 , 15857, 14.0711
1989 , 10785, 14.0737
1990 , 1091, 14.0737
1991 , 1083, 14.0737
1992 , 11505, 14.0737
1993 , 1065, 14.0737
1994 , 1055, 14.0737
1995 , 11131, 14.0737
1996 , 11046, 14.0737
1997 , 10795, 14.0737
1998 , 11384, 14.0737
1999 , 10901, 14.0737
2000 , 11340, 14.0737
2001 , 11189, 14.0737
2002 , 11066, 14.0737
2003 , 10386, 14.0737
2004 , 966, 14.0737
2005 , 11113, 14.0737
2006 , 10865, 14.0737
2007 , 11236, 14.0737
2008 , 10806, 14.0737
2009 , 10820, 14.0737
2010 , 10971, 14.0737
2011 , 11251, 14.0737
2012 , 11247, 14.0737
2013 , 10942, 14.0737
2014 , 11019, 14.0737
2015 , 11335, 14.0737
2016 , 11157, 14.0737
2017 , 11024, 14.0737
2018 , 10835, 14.0737
2019 , 1035, 14.0737
2020 , 11300, 14.0737
2021 , 11283, 14.0737
2022 , 11159, 14.0737
2023 , 11029, 14.0737
2024 , 10902, 14.0737
2025 , 11151, 14.0737
2026 , 11003, 14.0737
2027 , 11145, 14.0737
2028 , 10966, 14.0737
2029 , 11216, 14.0737
2030 , 11304, 14.0737
2031 , 10674, 14.0737
2032 , 11060, 14.0737
2033 , 11480, 14.0737
2034 , 11007, 14.0737
2035 , 1100, 14.0737
2036 , 11039, 14.0737
2037 , 11296, 14.0737
2038 , 11511, 14.0737
2039 , 1105, 14.0737
2040 , 10806, 14.0737
2041 , 11373, 14.0737
2042 , 11167, 14.0737
2043 , 11120, 14.0737
2044 , 1095, 14.0737
2045 , 11380, 14.0737
2046 , 11333, 14.0737
2047 , 11134, 14.0737
2048 , 11357, 14.0737
2049 , 11197, 14.0737
2050 , 11116, 14.0737
2051 , 1123, 14.0737
2052 , 10884, 14.0737
2053 , 11059, 14.0737
2054 , 11280, 14.0737
2055 , 11096, 14.0737
2056 , 11306, 14.0737
2057 , 11173, 14.0737
2058 , 11295, 14.0737
2059 , 11335, 14.0737
2060 , 11376, 14.0737
2061 , 17761, 14.0737
2062 , 1208, 14.0737
2063 , 11154, 14.0737
2064 , 11211, 14.0737
2065 , 11278, 14.0737
2066 , 11437, 14.0737
2067 , 11455, 14.0737
2068 , 11418, 14.0737
2069 , 11124, 14.0737
2070 , 11091, 14.0737
2071 , 10916, 14.0737
2072 , 11409, 14.0737
2073 , 10924, 14.0737
2074 , 1191, 14.0737
2075 , 11046, 14.0737
2076 , 11196, 14.0737
2077 , 11244, 14.0737
2078 , 11220, 14.0737
2079 , 11382, 14.0737
2080 , 11225, 14.0737
2081 , 11373, 14.0737
2082 , 11223, 14.0737
2083 , 1229, 14.0737
2084 , 11181, 14.0737
2085 , 11053, 14.0737
2086 , 11095, 14.0737
2087 , 11291, 14.0737
2088 , 11103, 14.0737
2089 , 11135, 14.0737
2090 , 11429, 14.0737
2091 , 11267, 14.0737
2092 , 11197, 14.0737
2093 , 11035, 14.0737
2094 , 11420, 14.0737
2095 , 11221, 14.0737
2096 , 11065, 14.0737
2097 , 11241, 14.0737
2098 , 11467, 14.0737
2099 , 10978, 14.0737
2100 , 11104, 14.0737
2101 , 11161, 14.0737
2102 , 11373, 14.0737
2103 , 11359, 14.0737
2104 , 11242, 14.0737
2105 , 10700, 14.0737
2106 , 13168, 14.0711
2107 , 7301, 14.0711
2108 , 1242, 14.0737
2109 , 7504, 14.0711
2110 , 1285, 14.0737
2111 , 11062, 14.0737
2112 , 1280, 14.0737
2113 , 11756, 14.0737
2114 , 11317, 14.0737
2115 , 11177, 14.0737
2116 , 11399, 14.0737
2117 , 11463, 14.0737
2118 , 11012, 14.0737
2119 , 1340, 14.0737
2120 , 11014, 14.0737
2121 , 11385, 14.0737
2122 , 11277, 14.0737
2123 , 11544, 14.0737
2124 , 11208, 14.0737
2125 , 11127, 14.0737
2126 , 1407, 14.0737
2127 , 1427, 14.0737
2128 , 11632, 14.0737
2129 , 11516, 14.0737
2130 , 1426, 14.0737
2131 , 11302, 14.0737
2132 , 11659, 14.0737
2133 , 11499, 14.0737
2134 , 11390, 14.0737
2135 , 11671, 14.0737
2136 , 11316, 14.0737
2137 , 1457, 14.0737
2138 , 10187, 14.0737
2139 , 11281, 14.0737
2140 , 11401, 14.0737
2141 , 11536, 14.0737
2142 , 11582, 14.0737
2143 , 11321, 14.0737
2144 , 11797, 14.0737
2145 , 11263, 14.0737
2146 , 1460, 14.0737
2147 , 11146, 14.0737
2148 , 11515, 14.0737
2149 , 11520, 14.0737
2150 , 11490, 14.0737
2151 , 11011, 14.0737
2152 , 1432, 14.0737
2153 , 11369, 14.0737
2154 , 11220, 14.0737
2155 , 11387, 14.0737
2156 , 11229, 14.0737
2157 , 11513, 14.0737
2158 , 11318, 14.0737
2159 , 11228, 14.0737
2160 , 11550, 14.0737
2161 , 11271, 14.0737
2162 , 11611, 14.0737
2163 , 11518, 14.0737
2164 , 11315, 14.0737
2165 , 11727, 14.0737
2166 , 11334, 14.0737
2167 , 11265, 14.0737
2168 , 11305, 14.0737
2169 , 11504, 14.0737
2170 , 11352, 14.0737
2171 , 11005, 14.0737
2172 , 11352, 14.0737
2173 , 10735, 14.0737
2174 , 11792, 14.0737
2175 , 11367, 14.0737
2176 , 11685, 14.0737
2177 , 1512, 14.0737
2178 , 11816, 14.0737
2179 , 11425, 14.0737
2180 , 11434, 14.0737
2181 , 11597, 14.0737
2182 , 1538, 14.0737
2183 , 1526, 14.0737
2184 , 11520, 14.0737
2185 , 11526, 14.0737
2186 , 11383, 14.0737
2187 , 11368, 14.0737
2188 , 11399, 14.0737
2189 , 11296, 14.0737
2190 , 11344, 14.0737
2191 , 11448, 14.0737
2192 , 11423, 14.0737
2193 , 11760, 14.0737
2194 , 11578, 14.0737
2195 , 11261, 14.0737
2196 , 11222, 14.0737
2197 , 11480, 14.0737
2198 , 11540, 14.0737
2199 , 11429, 14.0737
2200 , 11444, 14.0737
2201 , 11441, 14.0737
2202 , 11346, 14.0737
2203 , 11427, 14.0737
2204 , 11347, 14.0737
2205 , 11448, 14.0737
2206 , 11352, 14.0737
2207 , 11551, 14.0737
2208 , 11514, 14.0737
2209 , 11242, 14.0737
2210 , 11102, 14.0737
2211 , 11707, 14.0737
2212 , 11510, 14.0737
2213 , 11345, 14.0737
2214 , 1456, 14.0737
2215 , 11263, 14.0737
2216 , 11576, 14.0737
2217 , 11246, 14.0737
2218 , 11366, 14.0737
2219 , 11823, 14.0737
2220 , 11030, 14.0737
2221 , 11515, 14.0737
2222 , 1460, 14.0737
2223 , 11399, 14.0737
2224 , 11400, 14.0737
2225 , 11461, 14.0737
2226 , 11236, 14.0737
2227 , 11382, 14.0737
2228 , 1360, 14.0737
2229 , 11567, 14.0737
2230 , 11344, 14.0737
2231 , 9974, 14.0737
2232 , 11340, 14.0737
2233 , 11083, 14.0737
2234 , 11303, 14.0737
2235 , 11322, 14.0737
2236 , 11245, 14.0737
2237 , 11290, 14.0737
2238 , 11273, 14.0737
2239 , 11324, 14.0737
2240 , 11028, 14.0737
2241 , 11317, 14.0737
2242 , 1391, 14.0737
2243 , 11396, 14.0737
2244 , 10782, 14.0737
2245 , 11198, 14.0737
2246 , 1374, 14.0737
2247 , 10968, 14.0737
2248 , 11110, 14.0737
2249 , 11216, 14.0737
2250 , 11078, 14.0737
2251 , 1303, 14.0737
2252 , 11281, 14.0737
2253 , 11534, 14.0737
2254 , 11251, 14.0737
2255 , 11220, 14.0737
2256 , 11352, 14.0737
2257 , 11154, 14.0737
2258 , 11186, 14.0737
2259 , 11459, 14.0737
2260 , 11508, 14.0737
2261 , 11536, 14.0737
2262 , 11450, 14.0737
2263 , 10989, 14.0737
2264 , 10000, 14.0737
2265 , 11648, 14.0737
2266 , 11331, 14.0737
2267 , 11139, 14.0737
2268 , 11085, 14.0737
2269 , 11541, 14.0737
2270 , 11612, 14.0737
2271 , 11141, 14.0737
2272 , 11291, 14.0737
2273 , 11305, 14.0737
2274 , 11720, 14.0737
2275 , 11118, 14.0737
2276 , 11255, 14.0737
2277 , 11178, 14.0737
2278 , 11113, 14.0737
2279 , 11251, 14.0737
2280 , 11249, 14.0737
2281 , 11109, 14.0737
2282 , 11335, 14.0737
2283 , 11145, 14.0737
2284 , 11233, 14.0737
2285 , 11311, 14.0737
2286 , 11036, 14.0737
2287 , 11012, 14.0737
2288 , 11298, 14.0737
2289 , 11239, 14.0737
2290 , 10468, 14.0737
2291 , 11074, 14.0737
2292 , 11009, 14.0737
2293 , 10914, 14.0737
2294 , 1092, 14.0737
2295 , 11023, 14.0737
2296 , 11288, 14.0737
2297 , 10954, 14.0737
2298 , 10916, 14.0737
2299 , 11449, 14.0737
2300 , 11201, 14.0737
2301 , 11384, 14.0737
2302 , 11045, 14.0737
2303 , 11069, 14.0737
2304 , 11640, 14.0737
2305 , 11259, 14.0737
2306 , 11346, 14.0737
2307 , 11176, 14.0737
2308 , 1173, 14.0737
2309 , 11468, 14.0737
2310 , 11262, 14.0737
2311 , 11265, 14.0737
2312 , 11452, 14.0737
2313 , 11251, 14.0737
2314 , 11139, 14.0737
2315 , 11159, 14.0737
2316 , 1214, 14.0737
2317 , 11074, 14.0737
2318 , 11492, 14.0737
2319 , 11252, 14.0737
2320 , 11421, 14.0737
2321 , 11201, 14.0737
2322 , 9915, 14.0737
2323 , 11111, 14.0737
2324 , 11287, 14.0737
2325 , 11085, 14.0737
2326 , 11323, 14.0737
2327 , 11292, 14.0737
2328 , 11593, 14.0737
2329 , 11207, 14.0737
2330 , 1165, 14.0737
2331 , 11140, 14.0737
2332 , 10818, 14.0737
2333 , 11388, 14.0737
2334 , 11181, 14.0737
2335 , 1218, 14.0737
2336 , 10292, 14.0737
2337 , 11335, 14.0737
2338 , 1206, 14.0737
2339 , 10981, 14.0737
2340 , 1186, 14.0737
2341 , 11404, 14.0737
2342 , 11295, 14.0737
2343 , 11305, 14.0737
2344 , 10929, 14.0737
2345 , 11015, 14.0737
2346 , 11099, 14.0737
2347 , 11295, 14.0737
2348 , 10989, 14.0737
2349 , 11257, 14.0737
2350 , 1210, 14.0737
2351 , 10742, 14.0737
2352 , 11103, 14.0737
2353 , 11161, 14.0737
2354 , 11101, 14.0737
2355 , 11304, 14.0737
2356 , 11189, 14.0737
2357 , 11241, 14.0737
2358 , 11390, 14.0737
2359 , 11253, 14.0737
2360 , 11020, 14.0737
2361 , 11022, 14.0737
2362 , 11060, 14.0737
2363 , 10910, 14.0737
2364 , 11537, 14.0737
2365 , 11205, 14.0737
2366 , 11190, 14.0737
2367 , 11480, 14.0737
2368 , 11024, 14.0737
2369 , 11196, 14.0737
2370 , 11435, 14.0737
2371 , 11432, 14.0737
2372 , 11318, 14.0737
2373 , 10946, 14.0737
2374 , 11614, 14.0737
2375 , 11095, 14.0737
2376 , 1120, 14.0737
2377 , 11064, 14.0737
2378 , 1092, 14.0737
2379 , 10831, 14.0737
2380 , 11428, 14.0737
2381 , 11359, 14.0737
2382 , 10862, 14.0737
2383 , 11034, 14.0737
2384 , 9540, 14.0737
2385 , 10971, 14.0737
2386 , 11167, 14.0737
2387 , 19999, 14.0737
2388 , 11633, 14.0737
2389 , 11452, 14.0737
2390 , 11035, 14.0737
2391 , 10936, 14.0737
2392 , 10959, 14.0737
2393 , 9297, 14.0737
2394 , 10827, 14.0737
2395 , 11018, 14.0737
2396 , 1071, 14.0737
2397 , 11023, 14.0737
2398 , 10984, 14.0737
2399 , 11469, 14.0737
2400 , 1182, 14.0737
2401 , 11345, 14.0737
2402 , 11163, 14.0737
2403 , 10984, 14.0737
2404 , 11106, 14.0737
2405 , 11176, 14.0737
2406 , 11072, 14.0737
2407 , 11034, 14.0737
2408 , 11542, 14.0737
2409 , 11256, 14.0737
2410 , 11217, 14.0737
2411 , 10304, 14.0737
2412 , 1223, 14.0737
2413 , 10910, 14.0737
2414 , 11050, 14.0737
2415 , 11150, 14.0737
2416 , 11094, 14.0737
2417 , 11078, 14.0737
2418 , 10675, 14.0737
2419 , 11168, 14.0737
2420 , 11245, 14.0737
2421 , 11120, 14.0737
2422 , 11037, 14.0737
2423 , 1123, 14.0737
2424 , 1136, 14.0737
2425 , 11432, 14.0737
2426 , 11123, 14.0737
2427 , 11258, 14.0737
2428 , 11157, 14.0737
2429 , 11211, 14.0737
2430 , 11421, 14.0737
2431 , 1168, 14.0737
2432 , 11115, 14.0737
2433 , 11198, 14.0737
2434 , 10972, 14.0737
2435 , 10994, 14.0737
2436 , 11422, 14.0737
2437 , 10892, 14.0737
2438 , 10966, 14.0737
2439 , 11120, 14.0737
2440 , 1126, 14.0737
2441 , 1147, 14.0737
2442 , 10835, 14.0737
2443 , 10810, 14.0737
2444 , 11284, 14.0737
2445 , 11289, 14.0737
2446 , 11502, 14.0737
2447 , 11019, 14.0737
2448 , 11303, 14.0737
2449 , 11036, 14.0737
2450 , 11039, 14.0737
2451 , 11396, 14.0737
2452 , 11310, 14.0737
2453 , 1067, 14.0737
2454 , 11217, 14.0737
2455 , 11301, 14.0737
2456 , 11200, 14.0737
2457 , 11180, 14.0737
2458 , 10026, 14.0737
2459 , 11321, 14.0737
2460 , 1169, 14.0737
2461 , 9473, 14.0737
2462 , 11092, 14.0737
2463 , 11433, 14.0737
2464 , 11287, 14.0737
2465 , 1180, 14.0737
2466 , 11235, 14.0737
2467 , 10945, 14.0737
2468 , 10476, 14.0737
2469 , 10762, 14.0737
2470 , 1149, 14.0737
2471 , 11174, 14.0737
2472 , 11247, 14.0737
2473 , 11200, 14.0737
2474 , 11167, 14.0737
2475 , 11224, 14.0737
2476 , 11345, 14.0737
2477 , 10975, 14.0737
2478 , 10932, 14.0737
2479 , 11145, 14.0737
2480 , 11425, 14.0737
2481 , 11235, 14.0737
2482 , 11243, 14.0737
2483 , 10893, 14.0737
2484 , 11148, 14.0737
2485 , 10732, 14.0737
2486 , 11044, 14.0737
2487 , 2247, 14.0711
2488 , 17420, 14.0711
2489 , 15464, 14.0711
2490 , 11418, 14.0711
2491 , 17727, 14.0711
2492 , 11477, 14.0711
2493 , 7125, 14.0711
2494 , 19637, 14.0711
2495 , 19872, 14.0711
2496 , 19531, 14.0711
2497 , 18891, 14.0711
2498 , 17821, 14.0711
2499 , 19559, 14.0711
2500 , 113, 14.0711
2501 , 19548, 14.0711
2502 , 19576, 14.0711
2503 , 19748, 14.0711
2504 , 19404, 14.0711
2505 , 19852, 14.0711
2506 , 19677, 14.0711
2507 , 17500, 14.0711
2508 , 17335, 14.0711
2509 , 15487, 14.0711
2510 , 18586, 14.0711
2511 , 17251, 14.0711
2512 , 16824, 14.0711
2513 , 14396, 14.0711
2514 , 14, 14.0711
2515 , 15638, 14.0711
2516 , 19664, 14.0711
2517 , 15698, 14.0711
2518 , 12670, 14.0711
2519 , 364, 14.0711
2520 , 102, 14.0711
2521 , 19843, 14.0711
2522 , 112, 14.0711
2523 , 19069, 14.0711
2524 , 112, 14.0711
2525 , 13360, 14.0711
2526 , 4571, 14.0711
2527 , 17412, 14.0711
2528 , 14643, 14.0711
2529 , 1265, 14.0737
2530 , 11089, 14.0737
2531 , 11337, 14.0737
2532 , 11211, 14.0737
2533 , 1218, 14.0737
2534 , 11137, 14.0737
2535 , 10894, 14.0737
2536 , 11044, 14.0737
2537 , 11094, 14.0737
2538 , 11113, 14.0737
2539 , 11136, 14.0737
2540 , 10874, 14.0737
2541 , 10854, 14.0737
2542 , 11236, 14.0737
2543 , 11167, 14.0737
2544 , 11352, 14.0737
2545 , 10905, 14.0737
2546 , 11073, 14.0737
2547 , 11082, 14.0737
2548 , 11261, 14.0737
2549 , 11266, 14.0737
2550 , 1124, 14.0737
2551 , 11221, 14.0737
2552 , 10873, 14.0737
2553 , 11177, 14.0737
2554 , 11110, 14.0737
2555 , 11116, 14.0737
2556 , 11257, 14.0737
2557 , 11722, 14.0737
2558 , 10854, 14.0737
2559 , 10980, 14.0737
2560 , 11190, 14.0737
2561 , 11164, 14.0737
2562 , 11151, 14.0737
2563 , 11094, 14.0737
2564 , 11291, 14.0737
2565 , 11185, 14.0737
2566 , 10952, 14.0737
2567 , 11032, 14.0737
2568 , 11014, 14.0737
2569 , 9650, 14.0737
2570 , 11244, 14.0737
2571 , 10870, 14.0737
2572 , 11182, 14.0737
2573 , 11285, 14.0737
2574 , 11207, 14.0737
2575 , 11566, 14.0737
2576 , 10997, 14.0737
2577 , 11142, 14.0737
2578 , 11018, 14.0737
2579 , 1067, 14.0737
2580 , 11028, 14.0737
2581 , 11148, 14.0737
2582 , 11007, 14.0737
2583 , 11352, 14.0737
2584 , 1056, 14.0737
2585 , 14456, 14.0711
2586 , 11319, 14.0737
2587 , 11321, 14.0737
2588 , 10988, 14.0737
2589 , 11314, 14.0737
2590 , 11219, 14.0737
2591 , 11110, 14.0737
2592 , 11185, 14.0737
2593 , 1180, 14.0737
2594 , 1186, 14.0737
2595 , 11256, 14.0737
2596 , 11069, 14.0737
2597 , 10856, 14.0737
2598 , 11112, 14.0737
2599 , 11466, 14.0737
2600 , 11043, 14.0737
2601 , 11082, 14.0737
2602 , 10980, 14.0737
2603 , 11362, 14.0737
2604 , 10897, 14.0737
2605 , 11297, 14.0737
2606 , 10962, 14.0737
2607 , 10944, 14.0737
2608 , 11013, 14.0737
2609 , 11261, 14.0737
2610 , 10907, 14.0737
2611 , 11301, 14.0737
2612 , 11242, 14.0737
2613 , 11045, 14.0737
2614 , 11282, 14.0737
2615 , 1214, 14.0737
2616 , 10885, 14.0737
2617 , 1207, 14.0737
2618 , 11268, 14.0737
2619 , 11248, 14.0737
2620 , 10935, 14.0737
2621 , 11181, 14.0737
2622 , 11314, 14.0737
2623 , 11244, 14.0737
2624 , 11364, 14.0737
2625 , 11178, 14.0737
2626 , 11207, 14.0737
2627 , 1237, 14.0737
2628 , 1218, 14.0737
2629 , 11398, 14.0737
2630 , 11168, 14.0737
2631 , 11363, 14.0737
2632 , 11175, 14.0737
2633 , 11138, 14.0737
2634 , 1183, 14.0737
2635 , 11196, 14.0737
2636 , 10951, 14.0737
2637 , 11375, 14.0737
2638 , 11170, 14.0737
2639 , 11220, 14.0737
2640 , 1087, 14.0737
2641 , 11145, 14.0737
2642 , 11000, 14.0737
2643 , 1123, 14.0737
2644 , 11135, 14.0737
2645 , 11247, 14.0737
2646 , 11323, 14.0737
2647 , 10983, 14.0737
2648 , 11317, 14.0737
2649 , 10972, 14.0737
2650 , 10945, 14.0737
2651 , 11112, 14.0737
2652 , 11321, 14.0737
2653 , 11218, 14.0737
2654 , 10966, 14.0737
2655 , 1074, 14.0737
2656 , 11278, 14.0737
2657 , 11107, 14.0737
2658 , 10253, 14.0737
2659 , 10725, 14.0737
2660 , 10989, 14.0737
2661 , 11539, 14.0737
2662 , 11375, 14.0737
2663 , 11295, 14.0737
2664 , 1244, 14.0737
2665 , 11024, 14.0737
2666 , 11282, 14.0737
2667 , 10954, 14.0737
2668 , 11294, 14.0737
2669 , 11431, 14.0737
2670 , 11285, 14.0737
2671 , 11040, 14.0737
2672 , 1225, 14.0737
2673 , 11098, 14.0737
2674 , 11402, 14.0737
2675 , 10909, 14.0737
2676 , 11557, 14.0737
2677 , 11037, 14.0737
2678 , 11469, 14.0737
2679 , 11239, 14.0737
2680 , 11265, 14.0737
2681 , 11404, 14.0737
2682 , 1319, 14.0737
2683 , 1351, 14.0737
2684 , 11162, 14.0737
2685 , 11448, 14.0737
2686 , 11205, 14.0737
2687 , 11633, 14.0737
2688 , 11635, 14.0737
2689 , 1417, 14.0737
2690 , 11393, 14.0737
2691 , 11571, 14.0737
2692 , 11486, 14.0737
2693 , 11285, 14.0737
2694 , 11529, 14.0737
2695 , 11582, 14.0737
2696 , 11228, 14.0737
2697 , 11241, 14.0737
2698 , 1312, 14.0737
2699 , 11167, 14.0737
2700 , 11497, 14.0737
2701 , 11541, 14.0737
2702 , 11376, 14.0737
2703 , 11252, 14.0737
2704 , 11265, 14.0737
2705 , 11674, 14.0737
2706 , 11501, 14.0737
2707 , 11569, 14.0737
2708 , 11233, 14.0737
2709 , 11315, 14.0737
2710 , 11562, 14.0737
2711 , 11319, 14.0737
2712 , 11529, 14.0737
2713 , 11486, 14.0737
2714 , 11707, 14.0737
2715 , 11282, 14.0737
2716 , 11131, 14.0737
2717 , 11261, 14.0737
2718 , 11281, 14.0737
2719 , 11753, 14.0737
2720 , 11314, 14.0737
2721 , 11196, 14.0737
2722 , 11534, 14.0737
2723 , 11406, 14.0737
2724 , 11451, 14.0737
2725 , 11787, 14.0737
2726 , 11407, 14.0737
2727 , 11658, 14.0737
2728 , 1406, 14.0737
2729 , 11413, 14.0737
2730 , 11459, 14.0737
2731 , 11422, 14.0737
2732 , 11249, 14.0737
2733 , 11515, 14.0737
2734 , 11248, 14.0737
2735 , 11428, 14.0737
2736 , 1454, 14.0737
2737 , 1465, 14.0737
2738 , 11512, 14.0737
2739 , 11718, 14.0737
2740 , 1475, 14.0737
2741 , 11258, 14.0737
2742 , 1450, 14.0737
2743 , 11356, 14.0737
2744 , 11685, 14.0737
2745 , 11175, 14.0737
2746 , 11348, 14.0737
2747 , 11350, 14.0737
2748 , 11400, 14.0737
2749 , 11364, 14.0737
2750 , 11716, 14.0737
2751 , 11447, 14.0737
2752 , 1574, 14.0737
2753 , 1603, 14.0737
2754 , 11563, 14.0737
2755 , 11433, 14.0737
2756 , 11570, 14.0737
2757 , 1589, 14.0737
2758 , 11449, 14.0737
2759 , 11788, 14.0737
2760 , 11584, 14.0737
2761 , 11856, 14.0737
2762 , 1585, 14.0737
2763 , 11722, 14.0737
2764 , 1620, 14.0737
2765 , 11667, 14.0737
2766 , 11490, 14.0737
2767 , 11894, 14.0737
2768 , 11380, 14.0737
2769 , 11595, 14.0737
2770 , 11641, 14.0737
2771 , 11716, 14.0737
2772 , 11778, 14.0737
2773 , 11820, 14.0737
2774 , 11968, 14.0737
2775 , 11940, 14.0737
2776 , 11754, 14.0737
2777 , 1841, 14.0737
2778 , 11399, 14.0737
2779 , 11953, 14.0737
2780 , 1836, 14.0737
2781 , 11921, 14.0737
2782 , 19999, 14.0737
2783 , 11793, 14.0737
2784 , 11999, 14.0737
2785 , 1921, 14.0737
2786 , 11933, 14.0737
2787 , 11857, 14.0737
2788 , 1918, 14.0737
2789 , 11843, 14.0737
2790 , 11806, 14.0737
2791 , 12097, 14.0737
2792 , 16438, 14.0737
2793 , 11676, 14.0737
2794 , 11984, 14.0737
2795 , 11653, 14.0737
2796 , 11899, 14.0737
2797 , 1849, 14.0737
2798 , 19997, 14.0737
2799 , 1896, 14.0737
2800 , 11729, 14.0737
2801 , 11785, 14.0737
2802 , 11851, 14.0737
2803 , 11603, 14.0737
2804 , 12289, 14.0737
2805 , 11899, 14.0737
2806 , 5515, 14.0711
2807 , 14753, 14.0711
2808 , 11975, 14.0737
2809 , 11813, 14.0737
2810 , 11936, 14.0737
2811 , 12019, 14.0737
2812 , 11716, 14.0737
2813 , 11830, 14.0737
2814 , 12149, 14.0737
2815 , 1893, 14.0737
2816 , 11996, 14.0737
2817 , 12144, 14.0737
2818 , 19997, 14.0737
2819 , 12082, 14.0737
2820 , 12025, 14.0737
2821 , 12081, 14.0737
2822 , 11909, 14.0737
2823 , 11805, 14.0737
2824 , 12131, 14.0737
2825 , 12279, 14.0737
2826 , 11870, 14.0737
2827 , 12043, 14.0737
2828 , 11953, 14.0737
2829 , 1940, 14.0737
2830 , 11984, 14.0737
2831 , 11911, 14.0737
2832 , 11865, 14.0737
2833 , 12016, 14.0737
2834 , 12059, 14.0737
2835 , 1953, 14.0737
2836 , 12031, 14.0737
2837 , 1971, 14.0737
2838 , 12094, 14.0711
2839 , 12014, 14.0711
2840 , 12101, 14.0711
2841 , 15534, 14.0711
2842 , 2078, 14.0711
2843 , 19839, 14.0711
2844 , 19879, 14.0711
2845 , 18538, 14.0711
2846 , 12731, 14.0711
2847 , 2048, 14.0737
2848 , 2081, 14.0737
2849 , 11984, 14.0737
2850 , 12183, 14.0737
2851 , 12382, 14.0737
2852 , 2159, 14.0737
2853 , 12250, 14.0737
2854 , 12073, 14.0737
2855 , 463, 14.0711
2856 , 12452, 14.0711
2857 , 2126, 14.0737
2858 , 11928, 14.0737
2859 , 12182, 14.0737
2860 , 12037, 14.0737
2861 , 12058, 14.0737
2862 , 19999, 14.0737
2863 , 12202, 14.0737
2864 , 12266, 14.0737
2865 , 11962, 14.0737
2866 , 11956, 14.0737
2867 , 11839, 14.0737
2868 , 2006, 14.0737
2869 , 11858, 14.0737
2870 , 10924, 14.0711
2871 , 497, 14.0711
2872 , 18355, 14.0711
2873 , 12736, 14.0711
2874 , 12038, 14.0737
2875 , 2072, 14.0737
2876 , 12058, 14.0737
2877 , 12013, 14.0737
2878 , 11976, 14.0737
2879 , 12172, 14.0737
2880 , 12175, 14.0737
2881 , 2027, 14.0737
2882 , 11716, 14.0737
2883 , 11978, 14.0737
2884 , 12032, 14.0737
2885 , 12075, 14.0737
2886 , 12446, 14.0737
2887 , 12132, 14.0737
2888 , 11920, 14.0737
2889 , 12017, 14.0737
2890 , 12330, 14.0737
2891 , 1399, 14.0711
2892 , 12008, 14.0737
2893 , 12158, 14.0737
2894 , 11923, 14.0737
2895 , 11877, 14.0737
2896 , 3177, 14.0711
2897 , 11936, 14.0711
2898 , 9929, 14.0711
2899 , 11998, 14.0737
2900 , 1983, 14.0737
2901 , 1981, 14.0737
2902 , 12035, 14.0737
2903 , 11948, 14.0737
2904 , 12062, 14.0737
2905 , 12134, 14.0737
2906 , 2027, 14.0737
2907 , 12080, 14.0737
2908 , 11970, 14.0737
2909 , 12159, 14.0737
2910 , 2076, 14.0737
2911 , 12030, 14.0737
2912 , 2028, 14.0737
2913 , 12040, 14.0737
2914 , 12113, 14.0737
2915 , 11774, 14.0737
2916 , 12293, 14.0737
2917 , 12118, 14.0737
2918 , 12069, 14.0737
2919 , 11928, 14.0737
2920 , 11932, 14.0737
2921 , 12336, 14.0737
2922 , 12202, 14.0737
2923 , 12225, 14.0737
2924 , 12037, 14.0737
2925 , 11965, 14.0737
2926 , 11997, 14.0737
2927 , 1998, 14.0737
2928 , 12252, 14.0737
2929 , 11992, 14.0737
2930 , 19997, 14.0737
2931 , 11969, 14.0737
2932 , 12064, 14.0737
2933 , 12046, 14.0737
2934 , 11973, 14.0737
2935 , 12148, 14.0737
2936 , 11913, 14.0737
2937 , 11858, 14.0737
2938 , 3740, 14.0711
2939 , 11954, 14.0737
2940 , 11771, 14.0737
2941 , 12055, 14.0737
2942 , 12001, 14.0737
2943 , 11900, 14.0737
2944 , 12246, 14.0737
2945 , 2058, 14.0737
2946 , 12033, 14.0737
2947 , 12281, 14.0737
2948 , 12250, 14.0737
2949 , 12060, 14.0737
2950 , 12059, 14.0737
2951 , 12073, 14.0737
2952 , 12263, 14.0737
2953 , 2095, 14.0737
2954 , 11902, 14.0737
2955 , 12098, 14.0737
2956 , 19999, 14.0737
2957 , 12088, 14.0737
2958 , 2029, 14.0737
2959 , 12200, 14.0737
2960 , 12101, 14.0737
2961 , 12140, 14.0737
2962 , 18813, 14.0711
2963 , 2198, 14.0711
2964 , 141, 14.0711
2965 , 11617, 14.0711
2966 , 6079, 14.0711
2967 , 13027, 14.0711
2968 , 2710, 14.0711
2969 , 14957, 14.0711
2970 , 15523, 14.0711
2971 , 10268, 14.0711
2972 , 12321, 14.0737
2973 , 12089, 14.0737
2974 , 12036, 14.0737
2975 , 12143, 14.0737
2976 , 12665, 14.0737
2977 , 2199, 14.0737
2978 , 19999, 14.0737
2979 , 12109, 14.0737
2980 , 10001, 14.0737
2981 , 12258, 14.0737
2982 , 12400, 14.0737
2983 , 12257, 14.0737
2984 , 12325, 14.0737
2985 , 12180, 14.0737
2986 , 2217, 14.0737
2987 , 16557, 14.0737
2988 , 2185, 14.0737
2989 , 2115, 14.0737
2990 , 2116, 14.0737
2991 , 12144, 14.0737
2992 , 2154, 14.0737
2993 , 19999, 14.0737
2994 , 2137, 14.0737
2995 , 11962, 14.0737
2996 , 12123, 14.0737
2997 , 12178, 14.0737
2998 , 2093, 14.0737
2999 , 12103, 14.0737
