3.44309
4.80507
5.53305
4.86658
4.86658
6.80273
8.37563
8.37563
8.37563
8.52372
6.44204
6.44204
7.00103
6.83185
7.14357
7.14357
6.00148
3.40242
3.40242
4.81349
4.81349
4.81349
4.55511
4.55511
4.48446
4.48446
4.48446
4.48446
5.47742
5.47742
5.47742
5.47742
3.46507
2.66809
2.66809
2.66809
2.66809
3.76967
4.09088
5.39728
5.39728
5.8895
5.88233
5.88233
5.01245
5.01245
4.71167
5.3209
5.3209
5.3209
5.3209
5.27004
5.8664
6.69291
6.77882
5.96992
5.96992
7.45616
4.29404
3.55196
4.94278
4.94278
4.94278
6.81307
6.81307
5.44036
5.44036
6.62935
4.08184
4.08184
5.17189
5.17189
3.99675
3.99675
6.22676
6.22676
6.22676
7.43155
5.84525
6.91595
6.91595
6.91595
7.62961
7.62961
7.14139
7.14139
7.14139
7.14139
7.43488
7.43488
7.43488
7.50037
3.95129
1.55639
1.55639
2.48563
6.55103
6.55103
4.21342
4.21342
4.21342
2.13328
4.1841
5.51138
5.41992
5.78565
7.02804
6.80813
3.49003
5.12618
3.94223
5.55823
5.55823
2.55035
2.55035
1.59813
1.59813
1.59813
2.75131
4.23096
4.23096
4.23096
4.23096
4.23096
5.32236
5.62193
5.62193
5.43057
5.63684
2.99194
2.99194
4.28688
4.28688
4.28688
4.28688
4.28688
3.09176
3.40011
3.40011
3.40011
3.64166
3.64166
3.83159
1.70241
1.70241
2.403
2.403
4.75128
3.5452
0.779204
2.28407
2.28407
2.28407
2.28407
2.28407
3.63614
3.63614
3.63614
3.63614
5.24695
4.93464
5.79061
5.91127
4.02021
4.60278
4.60278
6.68649
6.68649
7.17506
7.17506
6.22841
6.54063
6.54063
6.54063
6.45533
6.1639
6.03069
6.03069
6.03069
6.03069
6.03069
4.76023
4.76023
4.76023
3.43126
3.43126
4.51744
4.51744
4.51744
4.51744
5.58355
5.58355
5.58355
5.85241
5.85241
7.93954
8.16425
8.08166
5.46725
5.46725
5.93196
6.11108
5.43716
7.37942
7.95109
7.95109
7.95109
6.31244
6.6037
6.6037
5.38295
4.34228
2.68775
5.41233
5.18701
5.87123
5.87123
5.87123
5.87123
5.87123
5.87123
5.87123
4.25036
5.33921
7.8257
7.8257
9.63366
6.26623
6.26103
6.26103
6.26103
6.26103
6.26103
4.2547
4.2547
4.2547
2.40004
2.40004
4.61722
6.68217
8.70758
7.69356
6.07779
6.10875
6.10875
5.09213
6.07829
6.20786
6.20786
6.09494
5.70823
5.70823
2.21322
4.21525
4.21525
6.33779
6.33779
6.17295
6.17295
6.17295
2.6614
2.6614
2.6614
2.6614
2.6614
2.6614
2.6614
2.6614
2.6614
2.6614
5.53717
5.53717
5.53717
4.78452
4.78452
2.85117
2.85117
2.28228
2.28228
2.28228
4.77838
4.77838
4.77838
4.77838
4.77838
5.37874
5.43206
4.98058
4.98058
3.62869
3.64685
4.58262
4.58262
5.56289
5.99125
5.99125
5.63291
5.2124
5.2124
4.19231
3.30865
3.30865
4.50267
2.50135
2.50135
4.18292
4.18292
3.73913
3.73913
3.73913
3.73913
5.65064
5.65064
5.65064
5.75736
5.75736
5.75736
2.64199
3.5773
3.5773
3.5773
3.5773
0.746087
0.746087
0.746087
2.66304
2.66304
2.66304
2.66304
4.39323
4.39323
4.39323
2.62077
2.62077
2.97429
2.97429
2.97429
2.97429
4.90799
3.09417
3.09417
3.09417
2.9451
4.571
3.76217
3.76217
3.76217
3.76217
2.03961
2.03961
2.03961
2.56694
5.3244
5.3244
5.3244
5.11052
5.11052
5.11052
5.11052
3.91588
3.60347
2.52712
4.88457
3.87905
4.90142
4.90142
3.50298
3.50298
3.50298
4.48671
3.4413
2.56384
2.56384
2.56384
2.56384
2.56384
2.56384
2.56384
4.43294
4.28995
4.28866
4.02227
4.02227
4.77674
4.77674
6.39013
4.10348
4.10348
5.54833
5.54833
5.69
5.69
5.69
2.51699
1.2606
1.2606
1.2606
1.2606
2.04746
5.69128
4.23793
2.78046
2.78046
2.78046
2.78046
2.78046
2.78046
2.78046
2.78046
6.34996
7.58145
4.72677
4.72677
4.72677
6.98924
8.04042
8.04042
8.22825
7.31326
8.88554
8.88554
7.95402
6.30614
6.30614
5.41884
6.91716
6.91716
8.81489
8.46337
8.46337
7.13873
6.79661
7.82974
9.11723
9.77962
9.77962
10.0793
10.0793
9.15047
9.15047
7.98732
7.98732
6.26397
7.38924
8.19967
6.52146
4.17305
4.17305
4.17305
7.00817
7.00817
8.52939
10.3353
10.2418
7.0706
7.0706
7.0706
6.41412
6.41412
6.41412
6.41412
6.41412
6.41412
6.25154
6.56559
6.12417
3.56137
3.56137
3.56137
3.58739
3.90802
4.12563
6.05767
6.05767
6.05767
4.57591
4.57591
4.95846
4.95846
4.71554
2.99141
2.99141
3.68746
2.78366
3.05719
2.13994
2.13994
2.13994
2.13994
4.57955
3.19992
3.19992
3.19992
3.19992
3.19992
3.19992
2.72644
3.85274
3.85274
5.67354
6.25398
2.98977
2.98977
3.64639
4.41337
3.16759
2.69554
4.02241
4.02241
4.02241
4.02241
4.19027
6.35131
8.11413
7.90373
7.90373
7.90373
7.4083
7.20972
6.24131
6.24131
5.53724
5.53724
5.53724
5.7344
3.26943
3.26943
3.26943
0.923463
2.2371
1.7782
1.7782
1.7782
5.06437
4.04402
4.04402
4.04402
2.65536
2.65536
2.65536
2.45238
3.0302
3.1241
3.1241
4.87825
4.87825
2.40952
5.44994
5.44994
3.31281
3.31281
1.28223
1.28223
2.15587
3.79668
1.08885
1.08885
3.63681
1.88177
3.64492
3.64492
5.95352
5.97815
7.07528
7.07528
5.52924
5.52924
7.06986
7.06986
7.06986
7.06986
7.37104
7.37104
6.57911
6.74478
5.34359
2.87624
2.29041
2.29041
2.29041
2.29041
2.29041
2.29041
4.0747
4.0747
3.99665
3.99665
5.33608
4.68254
1.91263
2.22107
4.22401
4.69148
4.05691
4.05691
5.06376
3.12021
3.12021
3.8331
5.04546
5.04546
5.04546
5.04546
3.24197
5.15692
3.81291
4.96552
5.19662
6.45432
3.28793
3.28793
2.5331
4.29432
4.29432
4.29432
4.29432
4.79176
5.04197
6.02481
7.72714
7.72714
7.01386
7.01386
7.01386
6.25683
6.25683
4.45373
3.55148
4.89605
4.89605
4.89605
4.89605
4.89605
4.89605
4.89605
2.75058
2.75058
2.75058
2.49383
2.49383
2.68674
2.68674
2.68674
2.68674
1.72786
1.72786
2.5422
2.5422
2.24164
2.24164
6.22619
6.22619
6.22619
4.14895
5.22513
3.0765
3.0765
5.86416
5.86416
5.86416
5.86416
5.86416
5.58864
5.58864
5.58864
5.58864
2.60919
2.60919
2.60919
2.60919
2.68227
2.68227
0.894786
3.30832
3.30832
3.30832
3.30832
3.30832
3.30832
4.699
4.88427
4.88427
5.04548
4.89648
4.89648
4.89648
4.89648
4.89648
4.89648
6.25341
5.26745
6.86025
9.7647
11.0426
11.0426
13.2753
12.725
9.49534
9.13943
9.13943
7.26663
7.26663
8.09216
8.59235
7.79196
7.62394
7.62394
7.73445
7.73445
10.5085
9.38266
9.38266
8.58684
7.74322
7.74322
7.74322
7.74322
6.14494
6.14494
8.77484
8.77484
8.77484
8.77484
9.57519
10.4657
10.4657
9.10454
9.81434
9.3768
9.3768
10.2834
10.2834
10.2834
10.2834
10.2834
10.3555
6.37894
5.13797
5.58736
5.58736
5.58736
5.58736
3.59933
3.59933
3.59933
4.56332
3.28671
6.62854
6.62854
6.62854
7.23071
5.65729
7.67965
7.67965
6.7695
6.7695
7.69929
7.69929
7.69929
7.37536
5.21773
5.21773
5.21773
2.43704
4.45248
4.45248
4.45248
5.85638
5.85638
5.85638
4.97728
4.97728
5.22314
5.22314
5.22314
5.22314
5.22314
3.93822
3.93822
2.2109
2.2109
2.2109
2.2109
1.50407
1.50407
1.50407
1.50407
1.50407
1.50407
1.50407
1.50407
1.50407
1.50407
1.50407
1.50407
2.54553
2.54553
2.54553
2.54553
2.54553
2.16674
3.87039
5.22732
5.22732
5.22732
6.22012
3.56193
4.13965
4.83571
4.03754
4.03754
4.03754
4.03754
4.03754
4.03754
4.03754
4.03754
4.03754
4.03754
4.03754
4.03754
3.47424
3.47424
4.33809
6.12527
6.43475
4.64713
4.64713
4.64713
4.64713
4.64713
4.94718
4.94718
6.236
6.89778
6.6551
6.6551
8.19801
7.01472
7.01472
7.01472
7.1128
7.92782
7.92782
7.92782
8.88749
8.88749
8.88749
8.09154
6.85862
5.424
6.28711
6.28711
6.39506
7.90838
7.90838
6.5757
6.5757
6.5757
6.5757
6.05179
5.01053
6.61466
3.96289
7.27505
4.86031
4.86031
2.87356
2.87356
5.03537
3.21339
3.21339
3.21339
2.1085
2.1085
2.1085
3.53619
6.43816
3.65342
3.65342
4.96726
2.93565
2.93565
2.93565
2.97713
2.97713
2.97713
5.29404
3.97886
3.97886
6.32912
6.32912
4.67131
4.67131
3.57972
5.19943
5.82898
7.95167
4.45915
4.45915
4.54747
2.61571
2.61571
2.61571
2.61571
2.61571
3.72068
3.72068
3.72068
3.96995
3.96995
3.96995
3.96995
3.96995
4.64979
4.64979
2.94386
3.52107
3.63936
3.02887
3.30974
4.086
4.086
6.52938
6.18196
6.18196
6.18196
6.18196
6.18196
2.37952
2.37952
2.37952
3.64489
3.64489
4.60251
2.95544
4.09083
2.45681
2.42361
2.42361
2.42361
1.89733
3.02749
3.02749
2.65803
2.65803
6.22015
6.1065
5.52357
5.97266
5.97266
6.08161
5.21082
5.21082
6.89644
6.89644
5.89226
5.89226
5.89226
5.89226
5.89226
7.2792
7.2792
7.2792
8.02629
8.09116
8.09116
8.09116
8.634
9.56314
9.56314
9.56314
9.56314
8.07224
8.07224
8.07224
4.66517
4.66517
4.66517
2.34455
2.34455
2.34455
2.34455
0.854919
0.854919
0.854919
1.64119
2.10559
2.10559
2.10559
4.87026
7.43287
7.43287
7.43287
9.22741
8.74899
6.82729
8.36332
8.36332
8.36332
