0 0 0
0.0256496 0 0
0.0512993 0 0
0.0769489 0 0
0.102599 0 0
0.128248 0 0
0.153898 0 0
0.179547 0 0
0.205197 0 0
0.230847 0 0
0.256496 0 0
0.282146 0 0
0.307796 0 0
0.333445 0 0
0.359095 0 0
0.384745 0 0
0.410394 0 0
0.436044 0 0
0.461694 0 0
0.487343 0 0
0.512993 0 0
0.538642 0 0
0.564292 0 0
0.589942 0 0
0.615591 0 0
0.641241 0 0
0.666891 0 0
0.69254 0 0
0.71819 0 0
0.74384 0 0
0.769489 0 0
0.795139 0 0
0.820788 0 0
0.846438 2.5288e-05 2.5288e-06
0.872088 0.00130038 0.000130038
0.897737 0.0242773 0.00242773
0.923387 0.165511 0.0165511
0.949037 0.566225 0.0566225
0.974686 1.20732 0.120732
1.00034 1.8626 0.18626
1.02599 2.33822 0.233822
1.05164 2.55268 0.255268
1.07728 2.54732 0.254732
1.10293 2.40472 0.240472
1.12858 2.19735 0.219735
1.15423 1.97492 0.197492
1.17988 1.7557 0.17557
1.20553 1.5576 0.15576
1.23118 1.39019 0.139019
1.25683 1.24515 0.124515
1.28248 1.12417 0.112417
1.30813 1.02396 0.102396
1.33378 0.939994 0.0939994
1.35943 0.871768 0.0871768
1.38508 0.819769 0.0819769
1.41073 0.769711 0.0769711
1.43638 0.739325 0.0739325
1.46203 0.70918 0.070918
1.48768 0.692268 0.0692268
1.51333 0.679841 0.0679841
1.53898 0.671311 0.0671311
1.56463 0.670309 0.0670309
1.59028 0.676405 0.0676405
1.61593 0.685808 0.0685808
1.64158 0.702972 0.0702972
1.66723 0.721694 0.0721694
1.69288 0.749606 0.0749606
1.71853 0.781152 0.0781152
1.74418 0.81527 0.081527
1.76983 0.854809 0.0854809
1.79547 0.893935 0.0893935
1.82112 0.936107 0.0936107
1.84677 0.978427 0.0978427
1.87242 1.01813 0.101813
1.89807 1.05875 0.105875
1.92372 1.09654 0.109654
1.94937 1.13013 0.113013
1.97502 1.16164 0.116164
2.00067 1.18504 0.118504
2.02632 1.20328 0.120328
2.05197 1.21333 0.121333
2.07762 1.21428 0.121428
2.10327 1.20684 0.120684
2.12892 1.19423 0.119423
2.15457 1.17402 0.117402
2.18022 1.14987 0.114987
2.20587 1.12368 0.112368
2.23152 1.09618 0.109618
2.25717 1.06659 0.106659
2.28282 1.04108 0.104108
2.30847 1.01338 0.101338
2.33412 0.988532 0.0988532
2.35977 0.967011 0.0967011
2.38542 0.94646 0.094646
2.41107 0.932034 0.0932034
2.43672 0.918987 0.0918987
2.46237 0.908073 0.0908073
2.48802 0.894894 0.0894894
2.51366 0.886147 0.0886147
2.53931 0.88598 0.088598
