           1   -0.214017   -0.164885         nan
           2   -0.215172   -0.165492         nan
           3   -0.215865   -0.165937         nan
           4   -0.216354   -0.166287         nan
           5   -0.217241   -0.166684         nan
           6   -0.215593    -0.16666         nan
           7   -0.217224   -0.166887         nan
           8   -0.216278   -0.166934         nan
           9   -0.216009   -0.166939         nan
          10   -0.217146   -0.167062         nan
           1     58828.3      123540 0.000152735
           2     7622.07     69773.5         nan
           3      2351.4     48161.8         nan
           4     1260.41     36783.2         nan
           5     890.744     29800.8         nan
           6     705.797     25081.1         nan
           7       589.5     21675.1         nan
           8     511.939     19100.1         nan
           9     454.633       17084         nan
          10       406.4       15461         nan
          11     369.544     14126.1         nan
          12     341.913     13008.8         nan
          13     319.784     12059.8         nan
          14     302.385     11243.8         nan
          15     285.283     10534.2         nan
          16     271.659     9911.51         nan
          17     260.289     9360.67         nan
          18     248.879      8869.7         nan
          19     237.781     8429.19         nan
          20     227.734     8031.67         nan
          21     219.108     7671.15         nan
          22     211.317     7342.66         nan
          23     204.528     7042.11         nan
          24       197.3     6765.98         nan
          25     190.676     6511.38         nan
          26     184.568     6275.87         nan
          27     178.677     6057.35         nan
          28     173.966     5854.09         nan
          29     169.601     5664.53         nan
          30     165.148     5487.29         nan
          31     160.575     5321.18         nan
          32     157.077     5165.22         nan
          33     153.035     5018.45         nan
          34     149.773     4880.12         nan
          35     146.875     4749.52         nan
          36     143.679     4625.98         nan
          37     140.685     4508.96         nan
          38      137.86     4397.93         nan
          39      135.67     4292.49         nan
          40     133.275     4192.19         nan
          41     131.607     4096.69         nan
          42     128.972     4005.62         nan
          43     126.957     3918.68         nan
          44     124.987     3835.59         nan
          45     122.908     3756.11         nan
          46     121.043     3679.99         nan
          47     119.236     3607.03         nan
          48     117.485     3537.04         nan
          49     115.562     3469.82         nan
           1   -0.215335   -0.166269         nan
           2   -0.216566   -0.166915         nan
           3   -0.216895   -0.167246         nan
           4   -0.215837   -0.167133         nan
           5   -0.218177   -0.167557         nan
           6   -0.214653   -0.167223         nan
           7   -0.215984   -0.167184         nan
           8   -0.215084   -0.167037         nan
           9   -0.216725   -0.167114         nan
          10   -0.217398   -0.167246         nan
           1      119382      250702 0.000800857
           2     12361.1      138330         nan
           3     2873.38     94231.8         nan
           4     1286.07     71349.2         nan
           5      851.49     57437.1         nan
           6     660.172     48095.4         nan
           7     546.372     41388.6         nan
           8     471.089     36338.8         nan
           9     415.446     32398.1         nan
          10     372.538     29236.6         nan
          11     341.425       26644         nan
          12     315.657     24478.9         nan
          13     295.268     22643.7         nan
          14     275.964     21067.7         nan
          15     261.147     19699.8         nan
          16     248.893     18501.3         nan
          17     237.998     17442.4         nan
          18     227.743       16500         nan
          19      218.01     15655.7         nan
          20     210.271       14895         nan
          21     202.061       14206         nan
          22     194.394     13578.8         nan
          23     187.862     13005.6         nan
          24     182.469     12479.7         nan
          25     177.001     11995.4         nan
          26     172.564       11548         nan
          27     167.875     11133.4         nan
          28     162.728       10748         nan
          29     157.897     10388.8         nan
          30     154.027     10053.3         nan
          31     150.229     9739.22         nan
          32     147.129     9444.54         nan
          33     143.668     9167.51         nan
          34     141.227     8906.61         nan
           1      119382      250702 0.000800857
           2     12361.1      138330         nan
           3     2873.38     94231.8         nan
           4     1286.07     71349.2         nan
           5      851.49     57437.1         nan
           6     660.172     48095.4         nan
           7     546.372     41388.6         nan
           8     471.089     36338.8         nan
           9     415.446     32398.1         nan
          10     372.538     29236.6         nan
           1     6.96913     14.5716 5.46894e-08
           2     6.94978     14.5513         nan
           3     6.96668     14.5563         nan
           4     6.96704      14.559         nan
           5     6.94998     14.5535         nan
           6     6.95393     14.5512         nan
           7     6.98251     14.5581         nan
           8       6.963     14.5582         nan
           9     6.95994     14.5575         nan
          10     6.95901     14.5568         nan
           1      1.0709     2.46588         nan
           2     1.07653     2.47094         nan
           3     1.06472     2.46555         nan
           4     1.08195      2.4706         nan
           5     1.08597     2.47508         nan
           6     1.06459     2.47166         nan
           7     1.09308     2.47654         nan
           8     1.06277     2.47338         nan
           9     1.04835     2.46803         nan
          10     1.08584     2.47051         nan
           1   -0.217278   -0.168309         nan
           2   -0.217794    -0.16858         nan
           3   -0.216146   -0.168094         nan
           4   -0.217023   -0.168081         nan
           5   -0.216402   -0.167943         nan
           6   -0.217467   -0.168037         nan
           7   -0.217148   -0.168056         nan
           8   -0.217186   -0.168076         nan
           9   -0.215275   -0.167868         nan
          10   -0.214473   -0.167618         nan
           1     6.96913     14.5716 5.46894e-08
           2     6.94978     14.5513         nan
           3     6.96668     14.5563         nan
           4     6.96704      14.559         nan
           5     6.94998     14.5535         nan
           6     6.95393     14.5512         nan
           7     6.98251     14.5581         nan
           8       6.963     14.5582         nan
           9     6.95994     14.5575         nan
          10     6.95901     14.5568         nan
           1      1.0709     2.46588         nan
           2     1.07653     2.47094         nan
           3     1.06472     2.46555         nan
           4     1.08195      2.4706         nan
           5     1.08597     2.47508         nan
           6     1.06459     2.47166         nan
           7     1.09308     2.47654         nan
           8     1.06277     2.47338         nan
           9     1.04835     2.46803         nan
          10     1.08584     2.47051         nan
           1   -0.217278   -0.168309         nan
           2   -0.217794    -0.16858         nan
           3   -0.216146   -0.168094         nan
           4   -0.217023   -0.168081         nan
           5   -0.216402   -0.167943         nan
           6   -0.217467   -0.168037         nan
           7   -0.217148   -0.168056         nan
           8   -0.217186   -0.168076         nan
           9   -0.215275   -0.167868         nan
          10   -0.214473   -0.167618         nan
           1     6.96913     14.5716 5.46894e-08
           2     6.94978     14.5513         nan
           3     6.96668     14.5563         nan
           4     6.96704      14.559         nan
           5     6.94998     14.5535         nan
           6     6.95393     14.5512         nan
           7     6.98251     14.5581         nan
           8       6.963     14.5582         nan
           9     6.95994     14.5575         nan
          10     6.95901     14.5568         nan
           1      1.0709     2.46588         nan
           2     1.07653     2.47094         nan
           3     1.06472     2.46555         nan
           4     1.08195      2.4706         nan
           5     1.08597     2.47508         nan
           6     1.06459     2.47166         nan
           7     1.09308     2.47654         nan
           8     1.06277     2.47338         nan
           9     1.04835     2.46803         nan
          10     1.08584     2.47051         nan
           1   -0.217278   -0.168309         nan
           2   -0.217794    -0.16858         nan
           3   -0.216146   -0.168094         nan
           4   -0.217023   -0.168081         nan
           5   -0.216402   -0.167943         nan
           6   -0.217467   -0.168037         nan
           7   -0.217148   -0.168056         nan
           8   -0.217186   -0.168076         nan
           9   -0.215275   -0.167868         nan
          10   -0.214473   -0.167618         nan
           1     6.96913     14.5716           0
           2     6.94978     14.5513         nan
           3     6.96668     14.5563         nan
           4     6.96704      14.559         nan
           5     6.94998     14.5535         nan
           6     6.95393     14.5512         nan
           7     6.98251     14.5581         nan
           8       6.963     14.5582         nan
           9     6.95994     14.5575         nan
          10     6.95901     14.5568         nan
           1      1.0709     2.46588           0
           2     1.07653     2.47094         nan
           3     1.06472     2.46555         nan
           4     1.08195      2.4706         nan
           5     1.08597     2.47508         nan
           6     1.06459     2.47166         nan
           7     1.09308     2.47654         nan
           8     1.06277     2.47338         nan
           9     1.04835     2.46803         nan
          10     1.08584     2.47051         nan
           1   -0.217278   -0.168309           0
           2   -0.217794    -0.16858    0.106075
           3   -0.216146   -0.168094   0.0857389
           4   -0.217023   -0.168081   0.0739306
           5   -0.216402   -0.167943   0.0659247
           6   -0.217467   -0.168037   0.0600862
           7   -0.217148   -0.168056   0.0555552
           8   -0.217186   -0.168076   0.0519172
           9   -0.215275   -0.167868   0.0488881
          10   -0.214473   -0.167618   0.0463306
           1    -7.54493    -7.54493           0
           2    -7.54884    -7.54689  0.00195522
           3    -7.54557    -7.54645  0.00121135
           4    -7.54526    -7.54615 0.000906651
           5     -7.5487    -7.54666 0.000867878
           6    -7.54797    -7.54688  0.00074152
           7    -7.54219    -7.54621 0.000917148
           8    -7.54599    -7.54618 0.000794736
           9    -7.54683    -7.54626 0.000704582
          10    -7.54705    -7.54633 0.000635181
           1    -5.46506    -5.46506           0
           2    -5.46288    -5.46397  0.00109029
           3    -5.46594    -5.46462 0.000909576
           4    -5.46351    -5.46435 0.000700281
           5    -5.46265    -5.46401 0.000639333
           6    -5.46494    -5.46416 0.000544681
           7     -5.4607    -5.46367 0.000676212
           8      -5.466    -5.46396 0.000654248
           9    -5.46584    -5.46417 0.000613587
          10    -5.46276    -5.46403  0.00056648
           1   -0.414441   -0.414441           0
           2   -0.415216   -0.414828 0.000387616
           3   -0.414204    -0.41462 0.000305636
           4   -0.414633   -0.414623  0.00021614
           5   -0.413445   -0.414388 0.000289071
           6   -0.413726   -0.414277 0.000260541
           7   -0.414099   -0.414252 0.000221673
           8   -0.414655   -0.414302 0.000198485
           9   -0.414055   -0.414275 0.000177189
          10   -0.414166   -0.414264 0.000158853
           1    -7.54493    -7.54493           0
           2    -7.54884    -7.54689  0.00195522
           3    -7.54557    -7.54645  0.00121135
           4    -7.54526    -7.54615 0.000906651
           5     -7.5487    -7.54666 0.000867878
           6    -7.54797    -7.54688  0.00074152
           7    -7.54219    -7.54621 0.000917148
           1    -7.54493    -7.54493           0
           2    -7.54884    -7.54689  0.00195522
           3    -7.54557    -7.54645  0.00121135
           4    -7.54526    -7.54615 0.000906651
           5     -7.5487    -7.54666 0.000867878
           6    -7.54797    -7.54688  0.00074152
           7    -7.54219    -7.54621 0.000917148
           8    -7.54599    -7.54618 0.000794736
           9    -7.54683    -7.54626 0.000704582
          10    -7.54705    -7.54633 0.000635181
           1    -5.46506    -5.46506           0
           2    -5.46288    -5.46397  0.00109029
           3    -5.46594    -5.46462 0.000909576
           4    -5.46351    -5.46435 0.000700281
           5    -5.46265    -5.46401 0.000639333
           6    -5.46494    -5.46416 0.000544681
           7     -5.4607    -5.46367 0.000676212
           8      -5.466    -5.46396 0.000654248
           9    -5.46584    -5.46417 0.000613587
          10    -5.46276    -5.46403  0.00056648
           1   -0.414441   -0.414441           0
           2   -0.415216   -0.414828 0.000387616
           3   -0.414204    -0.41462 0.000305636
           4   -0.414633   -0.414623  0.00021614
           5   -0.413445   -0.414388 0.000289071
           6   -0.413726   -0.414277 0.000260541
           7   -0.414099   -0.414252 0.000221673
           8   -0.414655   -0.414302 0.000198485
           9   -0.414055   -0.414275 0.000177189
          10   -0.414166   -0.414264 0.000158853
           1    -7.54493    -7.54493           0
           2    -7.54884    -7.54689  0.00195522
           3    -7.54557    -7.54645  0.00121135
           4    -7.54526    -7.54615 0.000906651
           5     -7.5487    -7.54666 0.000867878
           6    -7.54797    -7.54688  0.00074152
           7    -7.54219    -7.54621 0.000917148
           8    -7.54599    -7.54618 0.000794736
           9    -7.54683    -7.54626 0.000704582
          10    -7.54705    -7.54633 0.000635181
           1    -5.46506    -5.46506           0
           2    -5.46288    -5.46397  0.00109029
           3    -5.46594    -5.46462 0.000909576
           4    -5.46351    -5.46435 0.000700281
           5    -5.46265    -5.46401 0.000639333
           6    -5.46494    -5.46416 0.000544681
           7     -5.4607    -5.46367 0.000676212
           8      -5.466    -5.46396 0.000654248
           9    -5.46584    -5.46417 0.000613587
          10    -5.46276    -5.46403  0.00056648
           1   -0.414441   -0.414441           0
           2   -0.415216   -0.414828 0.000387616
           3   -0.414204    -0.41462 0.000305636
           4   -0.414633   -0.414623  0.00021614
           5   -0.413445   -0.414388 0.000289071
           6   -0.413726   -0.414277 0.000260541
           7   -0.414099   -0.414252 0.000221673
           8   -0.414655   -0.414302 0.000198485
           9   -0.414055   -0.414275 0.000177189
          10   -0.414166   -0.414264 0.000158853
