           1   0.0491316   -0.164885    0.145017
           2   0.0490739   -0.165492         nan
           3   0.0490392   -0.165937         nan
           4   0.0490148   -0.166287         nan
           5   0.0489704   -0.166684         nan
           6   0.0490528    -0.16666         nan
           7   0.0489713   -0.166887         nan
           8   0.0490185   -0.166934         nan
           9    0.049032   -0.166939         nan
          10   0.0489752   -0.167062         nan
           1     64711.7      123540         nan
           2     8384.87     69773.5         nan
           3     2587.13     48161.8         nan
           4     1387.04     36783.2         nan
           5     980.415     29800.8         nan
           6     776.973     25081.1         nan
           7     649.046     21675.1         nan
           8     563.729     19100.1         nan
           9     500.693       17084         nan
          10     447.636       15461         nan
          11     407.095     14126.1         nan
          12       376.7     13008.8         nan
          13     352.358     12059.8         nan
          14      333.22     11243.8         nan
          15     314.407     10534.2         nan
          16     299.421     9911.51         nan
          17     286.915     9360.67         nan
          18     274.363      8869.7         nan
          19     262.155     8429.19         nan
          20     251.104     8031.67         nan
          21     241.616     7671.15         nan
          22     233.045     7342.66         nan
          23     225.577     7042.11         nan
          24     217.627     6765.98         nan
          25      210.34     6511.38         nan
          26     203.621     6275.87         nan
          27     197.142     6057.35         nan
          28     191.959     5854.09         nan
          29     187.157     5664.53         nan
          30     182.259     5487.29         nan
          31     177.229     5321.18         nan
          32     173.381     5165.22         nan
          33     168.935     5018.45         nan
          34     165.346     4880.12         nan
          35     162.159     4749.52         nan
          36     158.643     4625.98         nan
          37      155.35     4508.96         nan
          38     152.242     4397.93         nan
          39     149.834     4292.49         nan
          40     147.199     4192.19         nan
          41     145.364     4096.69         nan
          42     142.466     4005.62         nan
          43     140.249     3918.68         nan
          44     138.082     3835.59         nan
          45     135.795     3756.11         nan
          46     133.744     3679.99         nan
          47     131.755     3607.03         nan
          48      129.83     3537.04         nan
          49     127.715     3469.82         nan
           1   0.0490657   -0.166269    0.145365
           2   0.0490042   -0.166915         nan
           3   0.0489877   -0.167246         nan
           4   0.0490406   -0.167133         nan
           5   0.0489236   -0.167557         nan
           6   0.0490998   -0.167223         nan
           7   0.0490332   -0.167184         nan
           8   0.0490782   -0.167037         nan
           9   0.0489962   -0.167114         nan
          10   0.0489626   -0.167246         nan
           1      131320      250702         nan
           2     13597.8      138330         nan
           3     3161.32     94231.8         nan
           4     1415.27     71349.2         nan
           5     937.235     57437.1         nan
           6     726.785     48095.4         nan
           7     601.605     41388.6         nan
           8     518.794     36338.8         nan
           9     457.587     32398.1         nan
          10     410.388     29236.6         nan
          11     376.164       26644         nan
          12     347.819     24478.9         nan
          13     325.391     22643.7         nan
          14     304.157     21067.7         nan
          15     287.858     19699.8         nan
          16     274.379     18501.3         nan
          17     262.394     17442.4         nan
          18     251.114       16500         nan
          19     240.408     15655.7         nan
          20     231.894       14895         nan
          21     222.864       14206         nan
          22      214.43     13578.8         nan
          23     207.244     13005.6         nan
          24     201.312     12479.7         nan
          25     195.298     11995.4         nan
          26     190.417       11548         nan
          27     185.259     11133.4         nan
          28     179.597       10748         nan
          29     174.283     10388.8         nan
          30     170.026     10053.3         nan
          31     165.848     9739.22         nan
          32     162.439     9444.54         nan
          33     158.631     9167.51         nan
          34     155.946     8906.61         nan
           1      131320      250702         nan
           2     13597.8      138330         nan
           3     3161.32     94231.8         nan
           4     1415.27     71349.2         nan
           5     937.235     57437.1         nan
           6     726.785     48095.4         nan
           7     601.605     41388.6         nan
           8     518.794     36338.8         nan
           9     457.587     32398.1         nan
          10     410.388     29236.6         nan
           1     7.60244     14.5716         nan
           2     7.58116     14.5513         nan
           3     7.59975     14.5563         nan
           4     7.60015      14.559         nan
           5     7.58138     14.5535         nan
           6     7.58572     14.5512         nan
           7     7.61716     14.5581         nan
           8      7.5957     14.5582         nan
           9     7.59233     14.5575         nan
          10     7.59131     14.5568         nan
           1     1.39498     2.46588         nan
           2     1.39948     2.47094         nan
           3     1.39004     2.46555         nan
           4     1.40382      2.4706         nan
           5     1.40704     2.47508         nan
           6     1.38993     2.47166         nan
           7     1.41273     2.47654         nan
           8     1.38848     2.47338         nan
           9     1.37694     2.46803         nan
          10     1.40693     2.47051         nan
           1   0.0489686   -0.168309    0.145875
           2   0.0489428    -0.16858         nan
           3   0.0490251   -0.168094         nan
           4   0.0489813   -0.168081         nan
           5   0.0490124   -0.167943         nan
           6   0.0489591   -0.168037         nan
           7   0.0489751   -0.168056         nan
           8   0.0489732   -0.168076         nan
           9   0.0490687   -0.167868         nan
          10   0.0491088   -0.167618         nan
           1     7.60244     14.5716         nan
           2     7.58116     14.5513         nan
           3     7.59975     14.5563         nan
           4     7.60015      14.559         nan
           5     7.58138     14.5535         nan
           6     7.58572     14.5512         nan
           7     7.61716     14.5581         nan
           8      7.5957     14.5582         nan
           9     7.59233     14.5575         nan
          10     7.59131     14.5568         nan
           1     1.39498     2.46588         nan
           2     1.39948     2.47094         nan
           3     1.39004     2.46555         nan
           4     1.40382      2.4706         nan
           5     1.40704     2.47508         nan
           6     1.38993     2.47166         nan
           7     1.41273     2.47654         nan
           8     1.38848     2.47338         nan
           9     1.37694     2.46803         nan
          10     1.40693     2.47051         nan
           1   0.0489686   -0.168309    0.145875
           2   0.0489428    -0.16858         nan
           3   0.0490251   -0.168094         nan
           4   0.0489813   -0.168081         nan
           5   0.0490124   -0.167943         nan
           6   0.0489591   -0.168037         nan
           7   0.0489751   -0.168056         nan
           8   0.0489732   -0.168076         nan
           9   0.0490687   -0.167868         nan
          10   0.0491088   -0.167618         nan
           1     7.60244     14.5716         nan
           2     7.58116     14.5513         nan
           3     7.59975     14.5563         nan
           4     7.60015      14.559         nan
           5     7.58138     14.5535         nan
           6     7.58572     14.5512         nan
           7     7.61716     14.5581         nan
           8      7.5957     14.5582         nan
           9     7.59233     14.5575         nan
          10     7.59131     14.5568         nan
           1     1.39498     2.46588         nan
           2     1.39948     2.47094         nan
           3     1.39004     2.46555         nan
           4     1.40382      2.4706         nan
           5     1.40704     2.47508         nan
           6     1.38993     2.47166         nan
           7     1.41273     2.47654         nan
           8     1.38848     2.47338         nan
           9     1.37694     2.46803         nan
          10     1.40693     2.47051         nan
           1   0.0489686   -0.168309    0.145875
           2   0.0489428    -0.16858         nan
           3   0.0490251   -0.168094         nan
           4   0.0489813   -0.168081         nan
           5   0.0490124   -0.167943         nan
           6   0.0489591   -0.168037         nan
           7   0.0489751   -0.168056         nan
           8   0.0489732   -0.168076         nan
           9   0.0490687   -0.167868         nan
          10   0.0491088   -0.167618         nan
           1     7.60244     14.5716           0
           2     7.58116     14.5513         nan
           3     7.59975     14.5563         nan
           4     7.60015      14.559         nan
           5     7.58138     14.5535         nan
           6     7.58572     14.5512         nan
           7     7.61716     14.5581         nan
           8      7.5957     14.5582         nan
           9     7.59233     14.5575         nan
          10     7.59131     14.5568         nan
           1     1.39498     2.46588           0
           2     1.39948     2.47094         nan
           3     1.39004     2.46555         nan
           4     1.40382      2.4706         nan
           5     1.40704     2.47508         nan
           6     1.38993     2.47166         nan
           7     1.41273     2.47654         nan
           8     1.38848     2.47338         nan
           9     1.37694     2.46803         nan
          10     1.40693     2.47051         nan
           1   0.0489686   -0.168309           0
           2   0.0489428    -0.16858    0.145943
           3   0.0490251   -0.168094    0.103113
           4   0.0489813   -0.168081    0.084189
           5   0.0490124   -0.167943   0.0728925
           6   0.0489591   -0.168037   0.0652075
           7   0.0489751   -0.168056    0.059528
           8   0.0489732   -0.168076    0.055114
           9   0.0490687   -0.167868   0.0515365
          10   0.0491088   -0.167618   0.0485688
           1     7.60244     7.60244           0
           2     7.58116      7.5918   0.0106383
           3     7.59975     7.59445  0.00668964
           4     7.60015     7.59587  0.00494008
           5     7.58138     7.59297   0.0048011
           6     7.58572     7.59177   0.0041022
           7     7.61716     7.59539  0.00501785
           8      7.5957     7.59543  0.00434575
           9     7.59233     7.59509  0.00384802
          10     7.59131     7.59471  0.00346242
           1     1.39498     1.39498           0
           2     1.39948     1.39723  0.00225211
           3     1.39004     1.39483  0.00272741
           4     1.40382     1.39708  0.00296098
           5     1.40704     1.39907   0.0030374
           6     1.38993     1.39755  0.00291037
           7     1.41273     1.39972  0.00327901
           8     1.38848     1.39831  0.00316822
           9     1.37694     1.39594  0.00366687
          10     1.40693     1.39704  0.00345919
           1   0.0489686   0.0489686           0
           2   0.0489428   0.0489557 1.29097e-05
           3   0.0490251   0.0489788 2.43264e-05
           4   0.0489813   0.0489794 1.72125e-05
           5   0.0490124    0.048986 1.48697e-05
           6   0.0489591   0.0489815 1.29441e-05
           7   0.0489751   0.0489806 1.09788e-05
           8   0.0489732   0.0489797 9.55352e-06
           9   0.0490687   0.0489896  1.2992e-05
          10   0.0491088   0.0490015 1.66506e-05
           1     7.60244     7.60244           0
           2     7.58116      7.5918   0.0106383
           3     7.59975     7.59445  0.00668964
           4     7.60015     7.59587  0.00494008
           5     7.58138     7.59297   0.0048011
           6     7.58572     7.59177   0.0041022
           7     7.61716     7.59539  0.00501785
           1     7.60244     7.60244           0
           2     7.58116      7.5918   0.0106383
           3     7.59975     7.59445  0.00668964
           4     7.60015     7.59587  0.00494008
           5     7.58138     7.59297   0.0048011
           6     7.58572     7.59177   0.0041022
           7     7.61716     7.59539  0.00501785
           8      7.5957     7.59543  0.00434575
           9     7.59233     7.59509  0.00384802
          10     7.59131     7.59471  0.00346242
           1     1.39498     1.39498           0
           2     1.39948     1.39723  0.00225211
           3     1.39004     1.39483  0.00272741
           4     1.40382     1.39708  0.00296098
           5     1.40704     1.39907   0.0030374
           6     1.38993     1.39755  0.00291037
           7     1.41273     1.39972  0.00327901
           8     1.38848     1.39831  0.00316822
           9     1.37694     1.39594  0.00366687
          10     1.40693     1.39704  0.00345919
           1   0.0489686   0.0489686           0
           2   0.0489428   0.0489557 1.29097e-05
           3   0.0490251   0.0489788 2.43264e-05
           4   0.0489813   0.0489794 1.72125e-05
           5   0.0490124    0.048986 1.48697e-05
           6   0.0489591   0.0489815 1.29441e-05
           7   0.0489751   0.0489806 1.09788e-05
           8   0.0489732   0.0489797 9.55352e-06
           9   0.0490687   0.0489896  1.2992e-05
          10   0.0491088   0.0490015 1.66506e-05
           1     7.60244     7.60244           0
           2     7.58116      7.5918   0.0106383
           3     7.59975     7.59445  0.00668964
           4     7.60015     7.59587  0.00494008
           5     7.58138     7.59297   0.0048011
           6     7.58572     7.59177   0.0041022
           7     7.61716     7.59539  0.00501785
           8      7.5957     7.59543  0.00434575
           9     7.59233     7.59509  0.00384802
          10     7.59131     7.59471  0.00346242
           1     1.39498     1.39498           0
           2     1.39948     1.39723  0.00225211
           3     1.39004     1.39483  0.00272741
           4     1.40382     1.39708  0.00296098
           5     1.40704     1.39907   0.0030374
           6     1.38993     1.39755  0.00291037
           7     1.41273     1.39972  0.00327901
           8     1.38848     1.39831  0.00316822
           9     1.37694     1.39594  0.00366687
          10     1.40693     1.39704  0.00345919
           1   0.0489686   0.0489686           0
           2   0.0489428   0.0489557 1.29097e-05
           3   0.0490251   0.0489788 2.43264e-05
           4   0.0489813   0.0489794 1.72125e-05
           5   0.0490124    0.048986 1.48697e-05
           6   0.0489591   0.0489815 1.29441e-05
           7   0.0489751   0.0489806 1.09788e-05
           8   0.0489732   0.0489797 9.55352e-06
           9   0.0490687   0.0489896  1.2992e-05
          10   0.0491088   0.0490015 1.66506e-05
           1     7.60244     7.60244           0
           2     7.58116      7.5918   0.0106383
           3     7.59975     7.59445  0.00668964
           4     7.60015     7.59587  0.00494008
           5     7.58138     7.59297   0.0048011
           6     7.58572     7.59177   0.0041022
           7     7.61716     7.59539  0.00501785
           8      7.5957     7.59543  0.00434575
           9     7.59233     7.59509  0.00384802
          10     7.59131     7.59471  0.00346242
           1     1.39498     1.39498           0
           2     1.39948     1.39723  0.00225211
           3     1.39004     1.39483  0.00272741
           4     1.40382     1.39708  0.00296098
           5     1.40704     1.39907   0.0030374
           6     1.38993     1.39755  0.00291037
           7     1.41273     1.39972  0.00327901
           8     1.38848     1.39831  0.00316822
           9     1.37694     1.39594  0.00366687
          10     1.40693     1.39704  0.00345919
           1   0.0489686   0.0489686           0
           2   0.0489428   0.0489557 1.29097e-05
           3   0.0490251   0.0489788 2.43264e-05
           4   0.0489813   0.0489794 1.72125e-05
           5   0.0490124    0.048986 1.48697e-05
           6   0.0489591   0.0489815 1.29441e-05
           7   0.0489751   0.0489806 1.09788e-05
           8   0.0489732   0.0489797 9.55352e-06
           9   0.0490687   0.0489896  1.2992e-05
          10   0.0491088   0.0490015 1.66506e-05
           1     7.60244     7.60244           0
           2     7.58116      7.5918   0.0106383
           3     7.59975     7.59445  0.00668964
           4     7.60015     7.59587  0.00494008
           5     7.58138     7.59297   0.0048011
           6     7.58572     7.59177   0.0041022
           7     7.61716     7.59539  0.00501785
           8      7.5957     7.59543  0.00434575
           9     7.59233     7.59509  0.00384802
          10     7.59131     7.59471  0.00346242
           1     1.39498     1.39498           0
           2     1.39948     1.39723  0.00225211
           3     1.39004     1.39483  0.00272741
           4     1.40382     1.39708  0.00296098
           5     1.40704     1.39907   0.0030374
           6     1.38993     1.39755  0.00291037
           7     1.41273     1.39972  0.00327901
           8     1.38848     1.39831  0.00316822
           9     1.37694     1.39594  0.00366687
          10     1.40693     1.39704  0.00345919
           1   0.0489686   0.0489686           0
           2   0.0489428   0.0489557 1.29097e-05
           3   0.0490251   0.0489788 2.43264e-05
           4   0.0489813   0.0489794 1.72125e-05
           5   0.0490124    0.048986 1.48697e-05
           6   0.0489591   0.0489815 1.29441e-05
           7   0.0489751   0.0489806 1.09788e-05
           8   0.0489732   0.0489797 9.55352e-06
           9   0.0490687   0.0489896  1.2992e-05
          10   0.0491088   0.0490015 1.66506e-05
           1     7.60244     7.60244           0
           2     7.58116      7.5918   0.0106383
           3     7.59975     7.59445  0.00668964
           4     7.60015     7.59587  0.00494008
           5     7.58138     7.59297   0.0048011
           6     7.58572     7.59177   0.0041022
           7     7.61716     7.59539  0.00501785
           8      7.5957     7.59543  0.00434575
           9     7.59233     7.59509  0.00384802
          10     7.59131     7.59471  0.00346242
           1     1.39498     1.39498           0
           2     1.39948     1.39723  0.00225211
           3     1.39004     1.39483  0.00272741
           4     1.40382     1.39708  0.00296098
           5     1.40704     1.39907   0.0030374
           6     1.38993     1.39755  0.00291037
           7     1.41273     1.39972  0.00327901
           8     1.38848     1.39831  0.00316822
           9     1.37694     1.39594  0.00366687
          10     1.40693     1.39704  0.00345919
           1   0.0489686   0.0489686           0
           2   0.0489428   0.0489557 1.29097e-05
           3   0.0490251   0.0489788 2.43264e-05
           4   0.0489813   0.0489794 1.72125e-05
           5   0.0490124    0.048986 1.48697e-05
           6   0.0489591   0.0489815 1.29441e-05
           7   0.0489751   0.0489806 1.09788e-05
           8   0.0489732   0.0489797 9.55352e-06
           9   0.0490687   0.0489896  1.2992e-05
          10   0.0491088   0.0490015 1.66506e-05
